7 7 -7 -3 -0.668304 -6.80601e-18
6 6 -6 -3 -0.679821 1.72902e-17
7 6 -6 -3 -0.5642 5.75065e-18
6 7 -6 -3 0.581336 -8.504e-18
7 7 -6 -3 -0.185839 -7.3395e-18
5 5 -5 -3 -0.682699 -2.67888e-18
6 5 -5 -3 -0.615376 -2.07863e-18
7 5 -5 -3 -0.404791 1.01465e-18
5 6 -5 -3 0.653634 7.50884e-18
6 6 -5 -3 -0.0906428 -3.57482e-17
7 6 -5 -3 -0.442923 -9.48945e-18
5 7 -5 -3 -0.316439 8.73874e-18
6 7 -5 -3 0.570469 -6.77721e-18
7 7 -5 -3 0.189412 -3.11954e-17
4 4 -4 -3 -0.663518 -3.79235e-18
5 4 -4 -3 -0.660192 -1.25081e-17
6 4 -4 -3 -0.481451 2.44673e-18
7 4 -4 -3 -0.3426 -2.18629e-17
4 5 -4 -3 0.746458 2.30604e-18
5 5 -4 -3 0.0600175 -2.21083e-17
6 5 -4 -3 -0.371118 8.14132e-18
7 5 -4 -3 -0.382611 -8.37304e-18
4 6 -4 -3 -0.385469 6.81002e-18
5 6 -4 -3 0.585959 -1.44998e-17
6 6 -4 -3 0.336673 -7.12365e-18
7 6 -4 -3 -0.170703 1.18153e-17
4 7 -4 -3 0.161356 -4.10763e-18
5 7 -4 -3 -0.439855 -3.50545e-18
6 7 -4 -3 0.408979 2.8408e-17
7 7 -4 -3 0.450118 2.43516e-17
3 3 -3 -3 -0.57907 -4.6331e-17
4 3 -3 -3 -0.651454 -4.61208e-18
5 3 -3 -3 -0.540157 -2.13912e-17
6 3 -3 -3 -0.433202 -2.77151e-18
7 3 -3 -3 -0.355083 1.11641e-18
3 4 -3 -3 0.868606 -3.55904e-18
4 4 -3 -3 0.313663 3.84099e-17
5 4 -3 -3 -0.180052 -4.78016e-18
6 4 -3 -3 -0.282523 -7.36183e-18
7 4 -3 -3 -0.270844 -1.6374e-17
3 5 -3 -3 -0.488591 -8.26205e-18
4 5 -3 -3 0.570022 -3.54553e-17
5 5 -3 -3 0.532655 -6.29388e-18
6 5 -3 -3 0.0294295 -3.81083e-18
7 5 -3 -3 -0.144552 -2.55843e-17
3 6 -3 -3 0.205087 7.11807e-18
4 6 -3 -3 -0.515735 -2.66636e-18
5 6 -3 -3 0.328846 -3.50545e-18
6 6 -3 -3 0.585058 -1.48103e-17
7 6 -3 -3 0.136755 2.60495e-18
3 7 -3 -3 -0.106314 1.36006e-17
4 7 -3 -3 0.25881 1.18184e-17
5 7 -3 -3 -0.473107 -3.19474e-17
6 7 -3 -3 0.157595 -1.5763e-17
7 7 -3 -3 0.582449 3.07012e-18
2 3 -2 -3 1.02138 -3.43764e-18
3 3 -2 -3 0.772094 1.85578e-17
4 3 -2 -3 0.331704 5.64979e-17
5 3 -2 -3 0.160047 -7.01091e-18
6 3 -2 -3 0.0999609 9.70029e-18
7 3 -2 -3 0.0664888 -1.3769e-17
2 4 -2 -3 -0.668653 -1.54694e-17
3 4 -2 -3 0.442272 1.01687e-18
4 4 -2 -3 0.747966 -8.64764e-18
5 4 -2 -3 0.366713 -1.78459e-17
6 4 -2 -3 0.176184 -2.58097e-17
7 4 -2 -3 0.115669 -2.23281e-18
2 5 -2 -3 0.264466 -1.20317e-17
3 5 -2 -3 -0.627326 6.86385e-18
4 5 -2 -3 0.130312 -7.49462e-18
5 5 -2 -3 0.680198 9.56033e-19
6 5 -2 -3 0.370048 8.31454e-18
7 5 -2 -3 0.174533 3.312e-17
2 6 -2 -3 -0.150782 -3.22279e-18
3 6 -2 -3 0.302893 -5.08434e-19
4 6 -2 -3 -0.52958 2.30604e-17
5 6 -2 -3 -0.0520668 2.8681e-17
6 6 -2 -3 0.612722 7.102e-18
7 6 -2 -3 0.364322 -1.41411e-17
2 7 -2 -3 0.07799 -2.57823e-18
3 7 -2 -3 -0.20373 -1.70325e-17
4 7 -2 -3 0.289045 -5.76509e-18
5 7 -2 -3 -0.435305 2.31041e-17
6 7 -2 -3 -0.164293 1.48969e-17
7 7 -2 -3 0.552984 2.60495e-18
1 3 -1 -3 -1.2381 -2.66278e-18
2 3 -1 -3 -0.461414 -1.37506e-17
3 3 -1 -3 0.193023 -1.22024e-17
4 3 -1 -3 0.105959 1.15302e-18
5 3 -1 -3 0.0239115 -1.59339e-18
6 3 -1 -3 0.0153786 4.15727e-18
7 3 -1 -3 0.00715305 -0
1 4 -1 -3 0.281929 -2.3965e-17
2 4 -1 -3 -0.945618 1.54694e-17
3 4 -1 -3 -0.593371 3.15229e-17
4 4 -1 -3 0.217151 -8.07113e-18
5 4 -1 -3 0.147012 1.65712e-17
6 4 -1 -3 0.0315168 4.50371e-18
7 4 -1 -3 0.0228035 2.97708e-18
1 5 -1 -3 -0.258968 1.33139e-18
2 5 -1 -3 0.265407 3.43764e-18
3 5 -1 -3 -0.716634 7.6265e-18
4 5 -1 -3 -0.642725 2.42134e-17
5 5 -1 -3 0.215063 9.56033e-19
6 5 -1 -3 0.172092 -1.7322e-18
7 5 -1 -3 0.03516 -7.07057e-18
1 6 -1 -3 0.0947726 -1.46453e-17
2 6 -1 -3 -0.317877 -8.5941e-19
3 6 -1 -3 0.206854 -1.22024e-17
4 6 -1 -3 -0.551534 -3.80496e-17
5 6 -1 -3 -0.655264 -1.0835e-17
6 6 -1 -3 0.204829 -9.35386e-18
7 6 -1 -3 0.188354 1.26526e-17
1 7 -1 -3 -0.0973296 -1.33139e-18
2 7 -1 -3 0.123327 6.01587e-18
3 7 -1 -3 -0.318652 1.01687e-18
4 7 -1 -3 0.147465 2.88255e-18
5 7 -1 -3 -0.432337 2.35821e-17
6 7 -1 -3 -0.650409 2.14792e-17
7 7 -1 -3 0.192311 1.04198e-17
0 3 0 -3 1.1673 0
1 3 0 -3 -0 -3.19534e-17
2 3 0 -3 -0.652538 0
3 3 0 -3 -0 -3.66072e-17
4 3 0 -3 0.0820755 0
5 3 0 -3 -0 -2.35821e-17
6 3 0 -3 0.00822021 0
7 3 0 -3 -0 -1.60018e-17
0 4 0 -3 -0 -6.14943e-18
1 4 0 -3 0.891537 0
2 4 0 -3 -0 -2.06258e-17
3 4 0 -3 -0.766038 0
4 4 0 -3 -0 -2.65194e-17
5 4 0 -3 0.120035 0
6 4 0 -3 -0 -6.2359e-18
7 4 0 -3 0.0136277 0
0 5 0 -3 0.386047 0
1 5 0 -3 -0 -2.66278e-18
2 5 0 -3 0.593469 0
3 5 0 -3 -0 7.11807e-18
4 5 0 -3 -0.787174 0
5 5 0 -3 -0 -1.91207e-18
6 5 0 -3 0.145444 0
7 5 0 -3 -0 -3.72135e-18
0 6 0 -3 -0 -7.68679e-18
1 6 0 -3 0.434303 0
2 6 0 -3 -0 3.43764e-18
3 6 0 -3 0.386988 0
4 6 0 -3 -0 -1.09537e-16
5 6 0 -3 -0.775319 0
6 6 0 -3 -0 -3.18724e-17
7 6 0 -3 0.16312 0
0 7 0 -3 0.198231 0
1 7 0 -3 -0 7.98835e-18
2 7 0 -3 0.37677 0
3 7 0 -3 -0 9.1518e-18
4 7 0 -3 0.246757 0
5 7 0 -3 -0 3.37798e-17
6 7 0 -3 -0.751028 0
7 7 0 -3 -0 1.19641e-16
1 3 1 -3 1.2381 -2.66278e-18
2 3 1 -3 -0.461414 1.37506e-17
3 3 1 -3 -0.193023 -1.22024e-17
4 3 1 -3 0.105959 -1.15302e-18
5 3 1 -3 -0.0239115 -1.59339e-18
6 3 1 -3 0.0153786 -4.15727e-18
7 3 1 -3 -0.00715305 -0
1 4 1 -3 0.281929 2.3965e-17
2 4 1 -3 0.945618 1.54694e-17
3 4 1 -3 -0.593371 -3.15229e-17
4 4 1 -3 -0.217151 -8.07113e-18
5 4 1 -3 0.147012 -1.65712e-17
6 4 1 -3 -0.0315168 4.50371e-18
7 4 1 -3 0.0228035 -2.97708e-18
1 5 1 -3 0.258968 1.33139e-18
2 5 1 -3 0.265407 -3.43764e-18
3 5 1 -3 0.716634 7.6265e-18
4 5 1 -3 -0.642725 -2.42134e-17
5 5 1 -3 -0.215063 9.56033e-19
6 5 1 -3 0.172092 1.7322e-18
7 5 1 -3 -0.03516 -7.07057e-18
1 6 1 -3 0.0947726 1.46453e-17
2 6 1 -3 0.317877 -8.5941e-19
3 6 1 -3 0.206854 1.22024e-17
4 6 1 -3 0.551534 -3.80496e-17
5 6 1 -3 -0.655264 1.0835e-17
6 6 1 -3 -0.204829 -9.35386e-18
7 6 1 -3 0.188354 -1.26526e-17
1 7 1 -3 0.0973296 -1.33139e-18
2 7 1 -3 0.123327 -6.01587e-18
3 7 1 -3 0.318652 1.01687e-18
4 7 1 -3 0.147465 -2.88255e-18
5 7 1 -3 0.432337 2.35821e-17
6 7 1 -3 -0.650409 -2.14792e-17
7 7 1 -3 -0.192311 1.04198e-17
2 3 2 -3 1.02138 3.43764e-18
3 3 2 -3 -0.772094 1.85578e-17
4 3 2 -3 0.331704 -5.64979e-17
5 3 2 -3 -0.160047 -7.01091e-18
6 3 2 -3 0.0999609 -9.70029e-18
7 3 2 -3 -0.0664888 -1.3769e-17
2 4 2 -3 0.668653 -1.54694e-17
3 4 2 -3 0.442272 -1.01687e-18
4 4 2 -3 -0.747966 -8.64764e-18
5 4 2 -3 0.366713 1.78459e-17
6 4 2 -3 -0.176184 -2.58097e-17
7 4 2 -3 0.115669 2.23281e-18
2 5 2 -3 0.264466 1.20317e-17
3 5 2 -3 0.627326 6.86385e-18
4 5 2 -3 0.130312 7.49462e-18
5 5 2 -3 -0.680198 9.56033e-19
6 5 2 -3 0.370048 -8.31454e-18
7 5 2 -3 -0.174533 3.312e-17
2 6 2 -3 0.150782 -3.22279e-18
3 6 2 -3 0.302893 5.08434e-19
4 6 2 -3 0.52958 2.30604e-17
5 6 2 -3 -0.0520668 -2.8681e-17
6 6 2 -3 -0.612722 7.102e-18
7 6 2 -3 0.364322 1.41411e-17
2 7 2 -3 0.07799 2.57823e-18
3 7 2 -3 0.20373 -1.70325e-17
4 7 2 -3 0.289045 5.76509e-18
5 7 2 -3 0.435305 2.31041e-17
6 7 2 -3 -0.164293 -1.48969e-17
7 7 2 -3 -0.552984 2.60495e-18
3 3 3 -3 0.57907 -4.6331e-17
4 3 3 -3 -0.651454 4.61208e-18
5 3 3 -3 0.540157 -2.13912e-17
6 3 3 -3 -0.433202 2.77151e-18
7 3 3 -3 0.355083 1.11641e-18
3 4 3 -3 0.868606 3.55904e-18
4 4 3 -3 -0.313663 3.84099e-17
5 4 3 -3 -0.180052 4.78016e-18
6 4 3 -3 0.282523 -7.36183e-18
7 4 3 -3 -0.270844 1.6374e-17
3 5 3 -3 0.488591 -8.26205e-18
4 5 3 -3 0.570022 3.54553e-17
5 5 3 -3 -0.532655 -6.29388e-18
6 5 3 -3 0.0294295 3.81083e-18
7 5 3 -3 0.144552 -2.55843e-17
3 6 3 -3 0.205087 -7.11807e-18
4 6 3 -3 0.515735 -2.66636e-18
5 6 3 -3 0.328846 3.50545e-18
6 6 3 -3 -0.585058 -1.48103e-17
7 6 3 -3 0.136755 -2.60495e-18
3 7 3 -3 0.106314 1.36006e-17
4 7 3 -3 0.25881 -1.18184e-17
5 7 3 -3 0.473107 -3.19474e-17
6 7 3 -3 0.157595 1.5763e-17
7 7 3 -3 -0.582449 3.07012e-18
4 4 4 -3 0.663518 -3.79235e-18
5 4 4 -3 -0.660192 1.25081e-17
6 4 4 -3 0.481451 2.44673e-18
7 4 4 -3 -0.3426 2.18629e-17
4 5 4 -3 0.746458 -2.30604e-18
5 5 4 -3 -0.0600175 -2.21083e-17
6 5 4 -3 -0.371118 -8.14132e-18
7 5 4 -3 0.382611 -8.37304e-18
4 6 4 -3 0.385469 6.81002e-18
5 6 4 -3 0.585959 1.44998e-17
6 6 4 -3 -0.336673 -7.12365e-18
7 6 4 -3 -0.170703 -1.18153e-17
4 7 4 -3 0.161356 4.10763e-18
5 7 4 -3 0.439855 -3.50545e-18
6 7 4 -3 0.408979 -2.8408e-17
7 7 4 -3 -0.450118 2.43516e-17
5 5 5 -3 0.682699 -2.67888e-18
6 5 5 -3 -0.615376 2.07863e-18
7 5 5 -3 0.404791 1.01465e-18
5 6 5 -3 0.653634 -7.50884e-18
6 6 5 -3 0.0906428 -3.57482e-17
7 6 5 -3 -0.442923 9.48945e-18
5 7 5 -3 0.316439 8.73874e-18
6 7 5 -3 0.570469 6.77721e-18
7 7 5 -3 -0.189412 -3.11954e-17
6 6 6 -3 0.679821 1.72902e-17
7 6 6 -3 -0.5642 -5.75065e-18
6 7 6 -3 0.581336 8.504e-18
7 7 6 -3 0.185839 -7.3395e-18
7 7 7 -3 0.668304 -6.80601e-18
7 7 -7 -2 3.53529e-18 -0.798932
6 6 -6 -2 -1.83613e-17 -0.83955
7 6 -6 -2 1.3676e-17 -0.464509
6 7 -6 -2 -2.00935e-17 0.451245
7 7 -6 -2 -4.01906e-17 -0.549266
5 5 -5 -2 -1.27471e-18 -0.885075
6 5 -5 -2 -2.32114e-17 -0.531864
7 5 -5 -2 -5.95416e-18 -0.233238
5 6 -5 -2 6.37355e-18 0.518921
6 6 -5 -2 -2.49436e-17 -0.527717
7 6 -5 -2 -1.48854e-17 -0.546991
5 7 -5 -2 5.09884e-18 -0.157903
6 7 -5 -2 1.38576e-18 0.569326
7 7 -5 -2 -1.19083e-17 -0.299599
4 4 -4 -2 -9.22415e-18 -0.934165
5 4 -4 -2 -2.67689e-17 -0.619655
6 4 -4 -2 2.21721e-17 -0.301259
7 4 -4 -2 -0 -0.168997
4 5 -4 -2 9.22415e-18 0.611555
5 5 -4 -2 5.09884e-17 -0.479416
6 5 -4 -2 -1.66291e-17 -0.591661
7 5 -4 -2 -0 -0.331903
4 6 -4 -2 1.38362e-17 -0.193391
5 6 -4 -2 -0 0.641404
6 6 -4 -2 -1.10861e-17 -0.215884
7 6 -4 -2 -0 -0.524785
4 7 -4 -2 6.3416e-18 0.0752772
5 7 -4 -2 -5.09884e-18 -0.249666
6 7 -4 -2 1.24718e-17 0.606904
7 7 -4 -2 -2.38167e-17 -0.0499332
3 3 -3 -2 -3.25397e-17 -0.978487
4 3 -3 -2 1.38362e-17 -0.733866
5 3 -3 -2 0 -0.405659
6 3 -3 -2 2.21721e-17 -0.254611
7 3 -3 -2 0 -0.172974
3 4 -3 -2 0 0.747332
4 4 -3 -2 -3.68966e-17 -0.373666
5 4 -3 -2 0 -0.619655
6 4 -3 -2 0 -0.388924
7 4 -3 -2 -1.19083e-17 -0.264222
3 5 -3 -2 -8.13494e-18 -0.244622
4 5 -3 -2 9.22415e-18 0.733866
5 5 -3 -2 -4.07907e-17 -0.0737563
6 5 -3 -2 0 -0.509221
7 5 -3 -2 0 -0.345948
3 6 -3 -2 8.13494e-18 0.0998665
4 6 -3 -2 4.61208e-18 -0.299599
5 6 -3 -2 5.09884e-18 0.662439
6 6 -3 -2 0 0.0959486
7 6 -3 -2 -1.19083e-17 -0.423698
3 7 -3 -2 -4.06747e-18 -0.0470775
4 7 -3 -2 0 0.141233
5 7 -3 -2 0 -0.312277
6 7 -3 -2 -1.66291e-17 0.587998
7 7 -3 -2 0 0.199733
2 2 -2 -2 -0 -0.970813
3 2 -2 -2 1.62699e-17 -0.856177
4 2 -2 -2 -0 -0.560499
5 2 -2 -2 2.03954e-17 -0.405659
6 2 -2 -2 4.43442e-17 -0.311833
7 2 -2 -2 5.95416e-18 -0.249666
2 3 -2 -2 -0 0.970813
3 3 -2 -2 -0 -0.122311
4 3 -2 -2 -0 -0.560499
5 3 -2 -2 -0 -0.405659
6 3 -2 -2 5.54303e-18 -0.311833
7 3 -2 -2 -0 -0.249666
2 4 -2 -2 -6.87528e-18 -0.323604
3 4 -2 -2 -1.62699e-17 0.856177
4 4 -2 -2 -3.68966e-17 0.186833
5 4 -2 -2 -0 -0.405659
6 4 -2 -2 -0 -0.311833
7 4 -2 -2 -8.93125e-18 -0.249666
2 5 -2 -2 -0 0.138688
3 5 -2 -2 -1.62699e-17 -0.366933
4 5 -2 -2 4.15087e-17 0.720642
5 5 -2 -2 -4.07907e-17 0.331903
6 5 -2 -2 -0 -0.311833
7 5 -2 -2 1.48854e-17 -0.249666
2 6 -2 -2 1.71882e-18 -0.0693438
3 6 -2 -2 -0 0.183466
4 6 -2 -2 -0 -0.360321
5 6 -2 -2 -2.03954e-17 0.608489
6 6 -2 -2 -4.43442e-17 0.407782
7 6 -2 -2 -0 -0.249666
2 7 -2 -2 -0 0.0385243
3 7 -2 -2 -0 -0.101926
4 7 -2 -2 -0 0.200178
5 7 -2 -2 -2.03954e-17 -0.33805
6 7 -2 -2 -3.77619e-17 0.519722
7 7 -2 -2 -0 0.449399
1 2 -1 -2 0 1.4472
2 2 -1 -2 0 0.647209
3 2 -1 -2 0 -2.52183e-16
4 2 -1 -2 0 -1.82177e-16
5 2 -1 -2 1.01977e-17 -2.47294e-16
6 2 -1 -2 0 -2.0232e-16
7 2 -1 -2 -5.95416e-18 -8.33583e-17
1 3 -1 -2 0 -0.457646
2 3 -1 -2 -1.37506e-17 1.02333
3 3 -1 -2 0 0.733866
4 3 -1 -2 0 -2.85949e-16
5 3 -1 -2 0 -5.31554e-16
6 3 -1 -2 0 -2.89623e-16
7 3 -1 -2 0 -1.13129e-16
1 4 -1 -2 0 0.204665
2 4 -1 -2 0 -0.457646
3 4 -1 -2 -1.62699e-17 0.765788
4 4 -1 -2 0 0.747332
5 4 -1 -2 0 -5.78719e-16
6 4 -1 -2 0 -6.40912e-16
7 4 -1 -2 0 -1.25782e-16
1 5 -1 -2 0 -0.109398
2 5 -1 -2 0 0.244622
3 5 -1 -2 0 -0.409331
4 5 -1 -2 -2.76725e-17 0.599199
5 5 -1 -2 0 0.737563
6 5 -1 -2 0 -6.4992e-16
7 5 -1 -2 -1.19083e-17 1.17669e-15
1 6 -1 -2 0 0.0653779
2 6 -1 -2 6.87528e-18 -0.14619
3 6 -1 -2 0 0.244622
4 6 -1 -2 0 -0.35809
5 6 -1 -2 -3.05931e-17 0.484856
6 6 -1 -2 -4.43442e-17 0.719614
7 6 -1 -2 0 7.14128e-16
1 7 -1 -2 0 -0.0422013
2 7 -1 -2 0 0.0943649
3 7 -1 -2 0 -0.157903
4 7 -1 -2 0 0.231146
5 7 -1 -2 0 -0.312973
6 7 -1 -2 2.77151e-18 0.402575
7 7 -1 -2 0 0.699065
0 2 0 -2 -0 -1.4472
1 2 0 -2 -8.52091e-17 0
2 2 0 -2 -0 0.647209
3 2 0 -2 -0 0
4 2 0 -2 -0 -9.68536e-17
5 2 0 -2 -0 0
6 2 0 -2 -0 -2.31421e-16
7 2 0 -2 -0 0
0 3 0 -2 -0 0
1 3 0 -2 -0 -1.121
2 3 0 -2 1.10004e-16 0
3 3 0 -2 -0 0.733866
4 3 0 -2 -0 0
5 3 0 -2 -0 3.62018e-16
6 3 0 -2 -0 0
7 3 0 -2 -0 4.57726e-16
0 4 0 -2 -0 -0.373666
1 4 0 -2 -0 0
2 4 0 -2 -0 -0.835543
3 4 0 -2 6.50795e-17 0
4 4 0 -2 -0 0.747332
5 4 0 -2 -0 0
6 4 0 -2 -0 8.45311e-17
7 4 0 -2 -0 0
0 5 0 -2 -0 0
1 5 0 -2 -0 -0.423698
2 5 0 -2 -0 0
3 5 0 -2 -0 -0.647209
4 5 0 -2 -0 0
5 5 0 -2 -0 0.737563
6 5 0 -2 -0 0
7 5 0 -2 -0 1.76988e-15
0 6 0 -2 -0 -0.172974
1 6 0 -2 -0 0
2 6 0 -2 -0 -0.386781
3 6 0 -2 3.25397e-17 0
4 6 0 -2 -0 -0.518921
5 6 0 -2 1.01977e-17 0
6 6 0 -2 -0 0.719614
7 6 0 -2 -0 0
0 7 0 -2 -0 0
1 7 0 -2 -0 -0.223308
2 7 0 -2 -0 0
3 7 0 -2 -0 -0.341109
4 7 0 -2 1.84483e-17 0
5 7 0 -2 -0 -0.427603
6 7 0 -2 -6.65163e-17 0
7 7 0 -2 -0 0.699065
1 2 1 -2 0 -1.4472
2 2 1 -2 0 0.647209
3 2 1 -2 0 2.52183e-16
4 2 1 -2 0 -1.82177e-16
5 2 1 -2 1.01977e-17 2.47294e-16
6 2 1 -2 0 -2.0232e-16
7 2 1 -2 -5.95416e-18 8.33583e-17
1 3 1 -2 0 -0.457646
2 3 1 -2 -1.37506e-17 -1.02333
3 3 1 -2 0 0.733866
4 3 1 -2 0 2.85949e-16
5 3 1 -2 0 -5.31554e-16
6 3 1 -2 0 2.89623e-16
7 3 1 -2 0 -1.13129e-16
1 4 1 -2 0 -0.204665
2 4 1 -2 0 -0.457646
3 4 1 -2 -1.62699e-17 -0.765788
4 4 1 -2 0 0.747332
5 4 1 -2 0 5.78719e-16
6 4 1 -2 0 -6.40912e-16
7 4 1 -2 0 1.25782e-16
1 5 1 -2 0 -0.109398
2 5 1 -2 0 -0.244622
3 5 1 -2 0 -0.409331
4 5 1 -2 -2.76725e-17 -0.599199
5 5 1 -2 0 0.737563
6 5 1 -2 0 6.4992e-16
7 5 1 -2 1.19083e-17 1.17669e-15
1 6 1 -2 0 -0.0653779
2 6 1 -2 -6.87528e-18 -0.14619
3 6 1 -2 0 -0.244622
4 6 1 -2 0 -0.35809
5 6 1 -2 -3.05931e-17 -0.484856
6 6 1 -2 4.43442e-17 0.719614
7 6 1 -2 0 -7.14128e-16
1 7 1 -2 0 -0.0422013
2 7 1 -2 0 -0.0943649
3 7 1 -2 0 -0.157903
4 7 1 -2 0 -0.231146
5 7 1 -2 0 -0.312973
6 7 1 -2 2.77151e-18 -0.402575
7 7 1 -2 0 0.699065
2 2 2 -2 -0 -0.970813
3 2 2 -2 1.62699e-17 0.856177
4 2 2 -2 -0 -0.560499
5 2 2 -2 2.03954e-17 0.405659
6 2 2 -2 -4.43442e-17 -0.311833
7 2 2 -2 5.95416e-18 0.249666
2 3 2 -2 -0 -0.970813
3 3 2 -2 -0 -0.122311
4 3 2 -2 -0 0.560499
5 3 2 -2 -0 -0.405659
6 3 2 -2 5.54303e-18 0.311833
7 3 2 -2 -0 -0.249666
2 4 2 -2 6.87528e-18 -0.323604
3 4 2 -2 -1.62699e-17 -0.856177
4 4 2 -2 3.68966e-17 0.186833
5 4 2 -2 -0 0.405659
6 4 2 -2 -0 -0.311833
7 4 2 -2 -8.93125e-18 0.249666
2 5 2 -2 -0 -0.138688
3 5 2 -2 1.62699e-17 -0.366933
4 5 2 -2 4.15087e-17 -0.720642
5 5 2 -2 4.07907e-17 0.331903
6 5 2 -2 -0 0.311833
7 5 2 -2 -1.48854e-17 -0.249666
2 6 2 -2 -1.71882e-18 -0.0693438
3 6 2 -2 -0 -0.183466
4 6 2 -2 -0 -0.360321
5 6 2 -2 -2.03954e-17 -0.608489
6 6 2 -2 4.43442e-17 0.407782
7 6 2 -2 -0 0.249666
2 7 2 -2 -0 -0.0385243
3 7 2 -2 -0 -0.101926
4 7 2 -2 -0 -0.200178
5 7 2 -2 2.03954e-17 -0.33805
6 7 2 -2 -3.77619e-17 -0.519722
7 7 2 -2 -0 0.449399
3 3 3 -2 3.25397e-17 -0.978487
4 3 3 -2 1.38362e-17 0.733866
5 3 3 -2 0 -0.405659
6 3 3 -2 2.21721e-17 0.254611
7 3 3 -2 0 -0.172974
3 4 3 -2 0 -0.747332
4 4 3 -2 3.68966e-17 -0.373666
5 4 3 -2 0 0.619655
6 4 3 -2 0 -0.388924
7 4 3 -2 -1.19083e-17 0.264222
3 5 3 -2 8.13494e-18 -0.244622
4 5 3 -2 9.22415e-18 -0.733866
5 5 3 -2 4.07907e-17 -0.0737563
6 5 3 -2 0 0.509221
7 5 3 -2 0 -0.345948
3 6 3 -2 8.13494e-18 -0.0998665
4 6 3 -2 -4.61208e-18 -0.299599
5 6 3 -2 5.09884e-18 -0.662439
6 6 3 -2 0 0.0959486
7 6 3 -2 -1.19083e-17 0.423698
3 7 3 -2 4.06747e-18 -0.0470775
4 7 3 -2 0 -0.141233
5 7 3 -2 0 -0.312277
6 7 3 -2 -1.66291e-17 -0.587998
7 7 3 -2 0 0.199733
4 4 4 -2 9.22415e-18 -0.934165
5 4 4 -2 -2.67689e-17 0.619655
6 4 4 -2 -2.21721e-17 -0.301259
7 4 4 -2 -0 0.168997
4 5 4 -2 9.22415e-18 -0.611555
5 5 4 -2 -5.09884e-17 -0.479416
6 5 4 -2 -1.66291e-17 0.591661
7 5 4 -2 -0 -0.331903
4 6 4 -2 -1.38362e-17 -0.193391
5 6 4 -2 -0 -0.641404
6 6 4 -2 1.10861e-17 -0.215884
7 6 4 -2 -0 0.524785
4 7 4 -2 6.3416e-18 -0.0752772
5 7 4 -2 5.09884e-18 -0.249666
6 7 4 -2 1.24718e-17 -0.606904
7 7 4 -2 2.38167e-17 -0.0499332
5 5 5 -2 1.27471e-18 -0.885075
6 5 5 -2 -2.32114e-17 0.531864
7 5 5 -2 5.95416e-18 -0.233238
5 6 5 -2 6.37355e-18 -0.518921
6 6 5 -2 2.49436e-17 -0.527717
7 6 5 -2 -1.48854e-17 0.546991
5 7 5 -2 -5.09884e-18 -0.157903
6 7 5 -2 1.38576e-18 -0.569326
7 7 5 -2 1.19083e-17 -0.299599
6 6 6 -2 1.83613e-17 -0.83955
7 6 6 -2 1.3676e-17 0.464509
6 7 6 -2 -2.00935e-17 -0.451245
7 7 6 -2 4.01906e-17 -0.549266
7 7 7 -2 -3.53529e-18 -0.798932
7 7 -7 -1 0.885175 4.63388e-18
6 6 -6 -1 0.945904 3.59904e-18
7 6 -6 -1 0.261677 1.03878e-17
6 7 -6 -1 -0.246132 -3.23163e-18
7 7 -6 -1 0.817085 -3.04511e-17
5 5 -5 -1 1.02101 1.22492e-18
6 5 -5 -1 0.306777 -1.39658e-17
7 5 -5 -1 0.0672652 7.66366e-18
5 6 -5 -1 -0.286196 1.64119e-17
6 6 -5 -1 0.859913 1.80148e-17
7 6 -5 -1 0.366323 5.70995e-17
5 7 -5 -1 0.0421607 7.71797e-19
6 7 -5 -1 -0.349629 2.71738e-17
7 7 -5 -1 0.740423 -8.30327e-18
4 4 -4 -1 1.11714 4.4139e-18
5 4 -4 -1 0.370513 2.34228e-17
6 4 -4 -1 0.0900666 -5.58633e-18
7 4 -4 -1 0.0463141 -1.72113e-17
4 5 -4 -1 -0.342053 -1.74394e-17
5 5 -4 -1 0.907568 -2.15506e-17
6 5 -4 -1 0.427446 1.55898e-18
7 5 -4 -1 0.113446 9.48945e-18
4 6 -4 -1 0.0517135 7.20637e-19
5 6 -4 -1 -0.407346 4.32605e-17
6 6 -4 -1 0.760893 9.44047e-18
7 6 -4 -1 0.441802 5.02383e-18
4 7 -4 -1 -0.0267991 5.76509e-18
5 7 -4 -1 0.071106 1.74874e-17
6 7 -4 -1 -0.429962 -1.75818e-17
7 7 -4 -1 0.652652 -3.72135e-18
3 3 -3 -1 1.24596 -1.39819e-18
4 3 -3 -1 0.467235 -2.36369e-17
5 3 -3 -1 0.129137 2.83623e-17
6 3 -3 -1 0.0729471 8.66098e-18
7 3 -3 -1 0.0371684 3.16315e-18
3 4 -3 -1 -0.425577 2.38964e-17
4 4 -3 -1 0.957548 -3.55995e-17
5 4 -3 -1 0.511661 -6.05487e-18
6 4 -3 -1 0.149497 -7.79488e-18
7 4 -3 -1 0.0959209 1.11641e-18
3 5 -3 -1 0.0651529 -3.81325e-19
4 5 -3 -1 -0.488647 -1.2395e-17
5 5 -3 -1 0.772513 -1.73679e-17
6 5 -3 -1 0.511142 3.94941e-17
7 5 -3 -1 0.151599 -5.02383e-18
3 6 -3 -1 -0.0381496 1.5253e-18
4 6 -3 -1 0.0858366 -2.34928e-17
5 6 -3 -1 -0.502158 -1.8802e-17
6 6 -3 -1 0.644004 -8.66098e-18
7 6 -3 -1 0.49821 1.86068e-17
3 7 -3 -1 0.0117537 -8.89759e-19
4 7 -3 -1 -0.0584418 7.49462e-18
5 7 -3 -1 0.0950198 1.27471e-18
6 7 -3 -1 -0.498434 -1.36843e-17
7 7 -3 -1 0.549788 6.14023e-18
2 2 -2 -1 1.42964 5.15646e-18
3 2 -2 -1 0.630412 3.66072e-17
4 2 -2 -1 0.206351 -1.26832e-17
5 2 -2 -1 0.130678 -2.80436e-17
6 2 -2 -1 0.0753395 -2.77151e-18
7 2 -2 -1 0.0542879 -1.04198e-17
2 3 -2 -1 -0.565115 -1.37506e-17
3 3 -2 -1 0.996769 5.79614e-17
4 3 -2 -1 0.632147 -2.53664e-17
5 3 -2 -1 0.206619 -3.82413e-18
6 3 -2 -1 0.148903 -2.35579e-17
7 3 -2 -1 0.0858366 -1.48854e-18
2 4 -2 -1 0.0842423 1.11723e-17
3 4 -2 -1 -0.612932 1.83036e-17
4 4 -2 -1 0.756919 8.07113e-18
5 4 -2 -1 0.600619 -1.78459e-17
6 4 -2 -1 0.190895 2.97938e-17
7 4 -2 -1 0.152483 -3.42364e-17
2 5 -2 -1 -0.0591011 2.57823e-18
3 5 -2 -1 0.104245 -6.60964e-18
4 5 -2 -1 -0.605666 -7.49462e-18
5 5 -2 -1 0.605045 -1.40218e-17
6 5 -2 -1 0.566843 9.35386e-18
7 5 -2 -1 0.173556 1.82346e-17
2 6 -2 -1 0.0176598 0
3 6 -2 -1 -0.0856598 -8.64337e-18
4 6 -2 -1 0.109606 -5.76509e-18
5 6 -2 -1 -0.584345 -2.70876e-17
6 6 -2 -1 0.500685 -8.66098e-18
7 6 -2 -1 0.536032 -4.03767e-17
2 7 -2 -1 -0.0153892 -1.50397e-18
3 7 -2 -1 0.0271439 5.08434e-19
4 7 -2 -1 -0.10156 8.35939e-18
5 7 -2 -1 0.108782 2.99557e-17
6 7 -2 -1 -0.559937 5.02337e-18
7 7 -2 -1 0.424847 0
1 1 -1 -1 1.70495 -2.13023e-17
2 1 -1 -1 0.953093 -0
3 1 -1 -1 0.398708 3.25397e-17
4 1 -1 -1 0.291824 1.84483e-17
5 1 -1 -1 0.197566 2.54942e-17
6 1 -1 -1 0.15883 -5.54303e-18
7 1 -1 -1 0.123127 -1.48854e-18
1 2 -1 -1 -0.852473 -2.13023e-17
2 2 -1 -1 0.953093 -3.43764e-17
3 2 -1 -1 0.797415 3.25397e-17
4 2 -1 -1 0.291824 -9.22415e-18
5 2 -1 -1 0.246957 2.54942e-17
6 2 -1 -1 0.15883 2.77151e-18
7 2 -1 -1 0.137903 -1.48854e-18
1 3 -1 -1 0.106559 5.32557e-18
2 3 -1 -1 -0.833957 -1.03129e-17
3 3 -1 -1 0.6479 1.83036e-17
4 3 -1 -1 0.702202 -9.22415e-18
5 3 -1 -1 0.228435 -3.69666e-17
6 3 -1 -1 0.218391 -8.31454e-18
7 3 -1 -1 0.132362 -3.72135e-18
1 4 -1 -1 -0.106559 1.86395e-17
2 4 -1 -1 0.119137 -6.87528e-18
3 4 -1 -1 -0.772496 -1.62699e-17
4 4 -1 -1 0.483334 -5.07328e-17
5 4 -1 -1 0.635915 -4.46149e-18
6 4 -1 -1 0.186625 -1.03932e-17
7 4 -1 -1 0.198235 -1.22805e-17
1 5 -1 -1 0.0266398 -0
2 5 -1 -1 -0.141475 -1.71882e-18
3 5 -1 -1 0.115251 2.03373e-18
4 5 -1 -1 -0.713601 -5.18859e-18
5 5 -1 -1 0.38124 -1.14724e-17
6 5 -1 -1 0.58618 -9.00742e-18
7 5 -1 -1 0.157064 -1.19083e-17
1 6 -1 -1 -0.0332997 -5.32557e-18
2 6 -1 -1 0.0372302 -1.71882e-18
3 6 -1 -1 -0.155745 -8.13494e-18
4 6 -1 -1 0.107154 4.61208e-18
5 6 -1 -1 -0.662926 -2.23074e-18
6 6 -1 -1 0.312199 1.17789e-17
7 6 -1 -1 0.546993 -3.53529e-18
1 7 -1 -1 0.0104062 -5.32557e-18
2 7 -1 -1 -0.0507262 -6.87528e-18
3 7 -1 -1 0.0418565 -6.1012e-18
4 7 -1 -1 -0.16066 2.30604e-18
5 7 -1 -1 0.0984453 -2.54942e-18
6 7 -1 -1 -0.620024 -1.47237e-17
7 7 -1 -1 0.26267 8.18698e-18
0 1 0 -1 -1.9687 0
1 1 0 -1 -0 0
2 1 0 -1 0.550269 0
3 1 0 -1 -0 0
4 1 0 -1 0.0922829 0
5 1 0 -1 -0 1.01977e-17
6 1 0 -1 0.0346594 0
7 1 0 -1 -0 -3.27479e-17
0 2 0 -1 -0 0
1 2 0 -1 -1.47653 0
2 2 0 -1 -0 -1.1688e-16
3 2 0 -1 0.563858 0
4 2 0 -1 -0 -4.15087e-17
5 2 0 -1 0.110443 0
6 2 0 -1 -0 -1.10861e-17
7 2 0 -1 0.0451392 0
0 3 0 -1 -0.301395 0
1 3 0 -1 -0 1.06511e-17
2 3 0 -1 -1.17939 0
3 3 0 -1 -0 -8.13494e-18
4 3 0 -1 0.543923 0
5 3 0 -1 -0 -1.27471e-17
6 3 0 -1 0.116735 0
7 3 0 -1 -0 2.97708e-18
0 4 0 -1 -0 0
1 4 0 -1 -0.336969 0
2 4 0 -1 -0 0
3 4 0 -1 -0.997288 0
4 4 0 -1 -0 2.99785e-17
5 4 0 -1 0.519222 0
6 4 0 -1 -0 -9.70029e-18
7 4 0 -1 0.118468 0
0 5 0 -1 -0.119137 0
1 5 0 -1 -0 -5.32557e-18
2 5 0 -1 -0.316347 0
3 5 0 -1 -0 6.1012e-18
4 5 0 -1 -0.873979 0
5 5 0 -1 -0 -2.03954e-17
6 5 0 -1 0.495413 0
7 5 0 -1 -0 3.79578e-17
0 6 0 -1 -0 6.14943e-18
1 6 0 -1 -0.152598 0
2 6 0 -1 -0 5.15646e-18
3 6 0 -1 -0.291372 0
4 6 0 -1 -0 1.84483e-17
5 6 0 -1 -0.784385 0
6 6 0 -1 -0 6.79021e-17
7 6 0 -1 0.47371 0
0 7 0 -1 -0.0635827 0
1 7 0 -1 -0 -7.98835e-18
2 7 0 -1 -0.154971 0
3 7 0 -1 -0 0
4 7 0 -1 -0.268836 0
5 7 0 -1 -0 7.01091e-18
6 7 0 -1 -0.715943 0
7 7 0 -1 -0 7.44271e-19
1 1 1 -1 -1.70495 -2.13023e-17
2 1 1 -1 0.953093 -0
3 1 1 -1 -0.398708 3.25397e-17
4 1 1 -1 0.291824 -1.84483e-17
5 1 1 -1 -0.197566 2.54942e-17
6 1 1 -1 0.15883 5.54303e-18
7 1 1 -1 -0.123127 -1.48854e-18
1 2 1 -1 -0.852473 2.13023e-17
2 2 1 -1 -0.953093 -3.43764e-17
3 2 1 -1 0.797415 -3.25397e-17
4 2 1 -1 -0.291824 -9.22415e-18
5 2 1 -1 0.246957 -2.54942e-17
6 2 1 -1 -0.15883 2.77151e-18
7 2 1 -1 0.137903 1.48854e-18
1 3 1 -1 -0.106559 5.32557e-18
2 3 1 -1 -0.833957 1.03129e-17
3 3 1 -1 -0.6479 1.83036e-17
4 3 1 -1 0.702202 9.22415e-18
5 3 1 -1 -0.228435 -3.69666e-17
6 3 1 -1 0.218391 8.31454e-18
7 3 1 -1 -0.132362 -3.72135e-18
1 4 1 -1 -0.106559 -1.86395e-17
2 4 1 -1 -0.119137 -6.87528e-18
3 4 1 -1 -0.772496 1.62699e-17
4 4 1 -1 -0.483334 -5.07328e-17
5 4 1 -1 0.635915 4.46149e-18
6 4 1 -1 -0.186625 -1.03932e-17
7 4 1 -1 0.198235 1.22805e-17
1 5 1 -1 -0.0266398 -0
2 5 1 -1 -0.141475 1.71882e-18
3 5 1 -1 -0.115251 2.03373e-18
4 5 1 -1 -0.713601 5.18859e-18
5 5 1 -1 -0.38124 -1.14724e-17
6 5 1 -1 0.58618 9.00742e-18
7 5 1 -1 -0.157064 -1.19083e-17
1 6 1 -1 -0.0332997 5.32557e-18
2 6 1 -1 -0.0372302 -1.71882e-18
3 6 1 -1 -0.155745 8.13494e-18
4 6 1 -1 -0.107154 4.61208e-18
5 6 1 -1 -0.662926 2.23074e-18
6 6 1 -1 -0.312199 1.17789e-17
7 6 1 -1 0.546993 3.53529e-18
1 7 1 -1 -0.0104062 -5.32557e-18
2 7 1 -1 -0.0507262 6.87528e-18
3 7 1 -1 -0.0418565 -6.1012e-18
4 7 1 -1 -0.16066 -2.30604e-18
5 7 1 -1 -0.0984453 -2.54942e-18
6 7 1 -1 -0.620024 1.47237e-17
7 7 1 -1 -0.26267 8.18698e-18
2 2 2 -1 -1.42964 5.15646e-18
3 2 2 -1 0.630412 -3.66072e-17
4 2 2 -1 -0.206351 -1.26832e-17
5 2 2 -1 0.130678 2.80436e-17
6 2 2 -1 -0.0753395 -2.77151e-18
7 2 2 -1 0.0542879 1.04198e-17
2 3 2 -1 -0.565115 1.37506e-17
3 3 2 -1 -0.996769 5.79614e-17
4 3 2 -1 0.632147 2.53664e-17
5 3 2 -1 -0.206619 -3.82413e-18
6 3 2 -1 0.148903 2.35579e-17
7 3 2 -1 -0.0858366 -1.48854e-18
2 4 2 -1 -0.0842423 1.11723e-17
3 4 2 -1 -0.612932 -1.83036e-17
4 4 2 -1 -0.756919 8.07113e-18
5 4 2 -1 0.600619 1.78459e-17
6 4 2 -1 -0.190895 2.97938e-17
7 4 2 -1 0.152483 3.42364e-17
2 5 2 -1 -0.0591011 -2.57823e-18
3 5 2 -1 -0.104245 -6.60964e-18
4 5 2 -1 -0.605666 7.49462e-18
5 5 2 -1 -0.605045 -1.40218e-17
6 5 2 -1 0.566843 -9.35386e-18
7 5 2 -1 -0.173556 1.82346e-17
2 6 2 -1 -0.0176598 0
3 6 2 -1 -0.0856598 8.64337e-18
4 6 2 -1 -0.109606 -5.76509e-18
5 6 2 -1 -0.584345 2.70876e-17
6 6 2 -1 -0.500685 -8.66098e-18
7 6 2 -1 0.536032 4.03767e-17
2 7 2 -1 -0.0153892 1.50397e-18
3 7 2 -1 -0.0271439 5.08434e-19
4 7 2 -1 -0.10156 -8.35939e-18
5 7 2 -1 -0.108782 2.99557e-17
6 7 2 -1 -0.559937 -5.02337e-18
7 7 2 -1 -0.424847 0
3 3 3 -1 -1.24596 -1.39819e-18
4 3 3 -1 0.467235 2.36369e-17
5 3 3 -1 -0.129137 2.83623e-17
6 3 3 -1 0.0729471 -8.66098e-18
7 3 3 -1 -0.0371684 3.16315e-18
3 4 3 -1 -0.425577 -2.38964e-17
4 4 3 -1 -0.957548 -3.55995e-17
5 4 3 -1 0.511661 6.05487e-18
6 4 3 -1 -0.149497 -7.79488e-18
7 4 3 -1 0.0959209 -1.11641e-18
3 5 3 -1 -0.0651529 -3.81325e-19
4 5 3 -1 -0.488647 1.2395e-17
5 5 3 -1 -0.772513 -1.73679e-17
6 5 3 -1 0.511142 -3.94941e-17
7 5 3 -1 -0.151599 -5.02383e-18
3 6 3 -1 -0.0381496 -1.5253e-18
4 6 3 -1 -0.0858366 -2.34928e-17
5 6 3 -1 -0.502158 1.8802e-17
6 6 3 -1 -0.644004 -8.66098e-18
7 6 3 -1 0.49821 -1.86068e-17
3 7 3 -1 -0.0117537 -8.89759e-19
4 7 3 -1 -0.0584418 -7.49462e-18
5 7 3 -1 -0.0950198 1.27471e-18
6 7 3 -1 -0.498434 1.36843e-17
7 7 3 -1 -0.549788 6.14023e-18
4 4 4 -1 -1.11714 4.4139e-18
5 4 4 -1 0.370513 -2.34228e-17
6 4 4 -1 -0.0900666 -5.58633e-18
7 4 4 -1 0.0463141 1.72113e-17
4 5 4 -1 -0.342053 1.74394e-17
5 5 4 -1 -0.907568 -2.15506e-17
6 5 4 -1 0.427446 -1.55898e-18
7 5 4 -1 -0.113446 9.48945e-18
4 6 4 -1 -0.0517135 7.20637e-19
5 6 4 -1 -0.407346 -4.32605e-17
6 6 4 -1 -0.760893 9.44047e-18
7 6 4 -1 0.441802 -5.02383e-18
4 7 4 -1 -0.0267991 -5.76509e-18
5 7 4 -1 -0.071106 1.74874e-17
6 7 4 -1 -0.429962 1.75818e-17
7 7 4 -1 -0.652652 -3.72135e-18
5 5 5 -1 -1.02101 1.22492e-18
6 5 5 -1 0.306777 1.39658e-17
7 5 5 -1 -0.0672652 7.66366e-18
5 6 5 -1 -0.286196 -1.64119e-17
6 6 5 -1 -0.859913 1.80148e-17
7 6 5 -1 0.366323 -5.70995e-17
5 7 5 -1 -0.0421607 7.71797e-19
6 7 5 -1 -0.349629 -2.71738e-17
7 7 5 -1 -0.740423 -8.30327e-18
6 6 6 -1 -0.945904 3.59904e-18
7 6 6 -1 0.261677 -1.03878e-17
6 7 6 -1 -0.246132 3.23163e-18
7 7 6 -1 -0.817085 -3.04511e-17
7 7 7 -1 -0.885175 4.63388e-18
7 7 -7 0 0.915291 -0
6 6 -6 0 0.98318 0
7 6 -6 0 0 1.19083e-17
6 7 -6 0 0 6.92878e-19
7 7 -6 0 0.915291 0
5 5 -5 0 1.06883 -0
6 5 -5 0 -0 -3.81083e-17
7 5 -5 0 -2.00133e-16 -0
5 6 -5 0 -0 -6.88344e-17
6 6 -5 0 0.98318 -0
7 6 -5 0 -0 -2.97708e-18
5 7 -5 0 -2.57506e-16 -0
6 7 -5 0 -0 1.66291e-17
7 7 -5 0 0.915291 -0
4 4 -4 0 1.18164 0
5 4 -4 0 0 -6.11861e-17
6 4 -4 0 1.33942e-16 0
7 4 -4 0 0 -5.95416e-18
4 5 -4 0 0 -4.61208e-18
5 5 -4 0 1.06883 0
6 5 -4 0 0 -3.32582e-17
7 5 -4 0 -9.32757e-16 0
4 6 -4 0 1.16779e-16 0
5 6 -4 0 0 1.01977e-17
6 6 -4 0 0.98318 0
7 6 -4 0 0 -5.95416e-18
4 7 -4 0 0 -1.15302e-18
5 7 -4 0 -7.40208e-16 0
6 7 -4 0 0 0
7 7 -4 0 0.915291 0
3 3 -3 0 1.33985 -0
4 3 -3 0 -0 -0
5 3 -3 0 -7.31843e-16 -0
6 3 -3 0 -0 -0
7 3 -3 0 -3.77345e-16 -0
3 4 -3 0 -0 -1.62699e-17
4 4 -3 0 1.18164 -0
5 4 -3 0 -0 -0
6 4 -3 0 -1.33189e-15 -0
7 4 -3 0 -0 -0
3 5 -3 0 -6.1762e-16 -0
4 5 -3 0 -0 -0
5 5 -3 0 1.06883 -0
6 5 -3 0 -0 4.43442e-17
7 5 -3 0 -8.19442e-16 -0
3 6 -3 0 -0 -0
4 6 -3 0 -1.00759e-15 -0
5 6 -3 0 -0 -2.03954e-17
6 6 -3 0 0.98318 -0
7 6 -3 0 -0 2.38167e-17
3 7 -3 0 -2.31846e-16 -0
4 7 -3 0 -0 -0
5 7 -3 0 -7.41722e-16 -0
6 7 -3 0 -0 -4.43442e-17
7 7 -3 0 0.915291 -0
2 2 -2 0 1.58533 0
3 2 -2 0 0 -6.50795e-17
4 2 -2 0 -1.63729e-16 0
5 2 -2 0 0 -2.03954e-17
6 2 -2 0 -7.4138e-17 0
7 2 -2 0 0 1.19083e-17
2 3 -2 0 0 0
3 3 -2 0 1.33985 0
4 3 -2 0 0 0
5 3 -2 0 -1.05546e-15 0
6 3 -2 0 0 -1.10861e-17
7 3 -2 0 -4.19769e-16 0
2 4 -2 0 -1.03129e-16 0
3 4 -2 0 0 4.88096e-17
4 4 -2 0 1.18164 0
5 4 -2 0 0 0
6 4 -2 0 -6.53384e-16 0
7 4 -2 0 0 -8.93125e-18
2 5 -2 0 0 0
3 5 -2 0 -9.47212e-16 0
4 5 -2 0 0 -9.22415e-18
5 5 -2 0 1.06883 0
6 5 -2 0 0 -4.43442e-17
7 5 -2 0 -2.67565e-16 0
2 6 -2 0 1.84773e-17 0
3 6 -2 0 0 0
4 6 -2 0 -6.3589e-16 0
5 6 -2 0 0 2.03954e-17
6 6 -2 0 0.98318 0
7 6 -2 0 0 0
2 7 -2 0 0 0
3 7 -2 0 -2.64894e-16 0
4 7 -2 0 0 0
5 7 -2 0 -2.63546e-16 0
6 7 -2 0 0 1.10861e-17
7 7 -2 0 0.915291 0
1 1 -1 0 2.04665 -0
2 1 -1 0 -0 -0
3 1 -1 0 -3.09128e-16 -0
4 1 -1 0 -0 -0
5 1 -1 0 -3.82413e-16 -0
6 1 -1 0 -0 -0
7 1 -1 0 -7.74041e-17 -0
1 2 -1 0 -0 -0
2 2 -1 0 1.58533 -0
3 2 -1 0 -0 -0
4 2 -1 0 -4.38147e-16 -0
5 2 -1 0 -0 -0
6 2 -1 0 -4.93329e-16 -0
7 2 -1 0 -0 -0
1 3 -1 0 -2.55627e-16 -0
2 3 -1 0 -0 1.37506e-17
3 3 -1 0 1.33985 -0
4 3 -1 0 -0 -0
5 3 -1 0 -1.03506e-15 -0
6 3 -1 0 -0 -0
7 3 -1 0 -2.47098e-16 -0
1 4 -1 0 -0 -0
2 4 -1 0 -3.33451e-16 -0
3 4 -1 0 -0 1.62699e-17
4 4 -1 0 1.18164 -0
5 4 -1 0 -0 -0
6 4 -1 0 -1.18205e-15 -0
7 4 -1 0 -0 2.38167e-17
1 5 -1 0 -2.18348e-16 -0
2 5 -1 0 -0 6.87528e-18
3 5 -1 0 -7.48414e-16 -0
4 5 -1 0 -0 -5.53449e-17
5 5 -1 0 1.06883 -0
6 5 -1 0 -0 -0
7 5 -1 0 1.57711e-15 -0
1 6 -1 0 -0 -0
2 6 -1 0 -3.54077e-16 -0
3 6 -1 0 -0 -0
4 6 -1 0 -1.00543e-15 -0
5 6 -1 0 -0 -0
6 6 -1 0 0.98318 -0
7 6 -1 0 -0 -0
1 7 -1 0 -4.92615e-17 -0
2 7 -1 0 -0 -3.43764e-18
3 7 -1 0 -1.14906e-16 -0
4 7 -1 0 -0 9.22415e-18
5 7 -1 0 1.32952e-15 -0
6 7 -1 0 -0 -0
7 7 -1 0 0.915291 -0
0 0 0 0 3.54491 0
1 0 0 0 0 0
2 0 0 0 0 0
3 0 0 0 0 0
4 0 0 0 -6.27242e-16 0
5 0 0 0 0 0
6 0 0 0 -3.99098e-16 0
7 0 0 0 0 0
0 1 0 0 0 0
1 1 0 0 2.04665 0
2 1 0 0 0 0
3 1 0 0 -1.62699e-15 0
4 1 0 0 0 7.37932e-17
5 1 0 0 -1.96305e-15 0
6 1 0 0 0 -8.86884e-17
7 1 0 0 -1.09854e-15 0
0 2 0 0 0 0
1 2 0 0 0 0
2 2 0 0 1.58533 0
3 2 0 0 0 0
4 2 0 0 -9.40863e-16 0
5 2 0 0 0 8.15815e-17
6 2 0 0 -1.06149e-15 0
7 2 0 0 0 0
0 3 0 0 0 0
1 3 0 0 -1.10772e-15 0
2 3 0 0 0 0
3 3 0 0 1.33985 0
4 3 0 0 0 0
5 3 0 0 -1.44042e-15 0
6 3 0 0 0 -4.43442e-17
7 3 0 0 -3.37899e-16 0
0 4 0 0 -2.09081e-16 0
1 4 0 0 0 0
2 4 0 0 -7.83782e-16 0
3 4 0 0 0 0
4 4 0 0 1.18164 0
5 4 0 0 0 0
6 4 0 0 -8.84113e-16 0
7 4 0 0 0 -4.76333e-17
0 5 0 0 0 0
1 5 0 0 -9.71916e-16 0
2 5 0 0 0 0
3 5 0 0 -1.18363e-15 0
4 5 0 0 0 0
5 5 0 0 1.06883 0
6 5 0 0 0 -8.86884e-17
7 5 0 0 1.9165e-15 0
0 6 0 0 -1.1069e-16 0
1 6 0 0 0 0
2 6 0 0 -5.3799e-16 0
3 6 0 0 0 0
4 6 0 0 -6.21477e-16 0
5 6 0 0 0 0
6 6 0 0 0.98318 0
7 6 0 0 0 -9.52666e-17
0 7 0 0 0 0
1 7 0 0 -4.96609e-16 0
2 7 0 0 0 0
3 7 0 0 -2.59301e-16 0
4 7 0 0 0 0
5 7 0 0 1.75974e-15 0
6 7 0 0 0 0
7 7 0 0 0.915291 0
1 1 1 0 2.04665 -0
2 1 1 0 -0 -0
3 1 1 0 -3.09128e-16 -0
4 1 1 0 -0 -0
5 1 1 0 -3.82413e-16 -0
6 1 1 0 -0 -0
7 1 1 0 -7.74041e-17 -0
1 2 1 0 -0 -0
2 2 1 0 1.58533 -0
3 2 1 0 -0 -0
4 2 1 0 -4.38147e-16 -0
5 2 1 0 -0 -0
6 2 1 0 -4.93329e-16 -0
7 2 1 0 -0 -0
1 3 1 0 -2.55627e-16 -0
2 3 1 0 -0 1.37506e-17
3 3 1 0 1.33985 -0
4 3 1 0 -0 -0
5 3 1 0 -1.03506e-15 -0
6 3 1 0 -0 -0
7 3 1 0 -2.47098e-16 -0
1 4 1 0 -0 -0
2 4 1 0 -3.33451e-16 -0
3 4 1 0 -0 1.62699e-17
4 4 1 0 1.18164 -0
5 4 1 0 -0 -0
6 4 1 0 -1.18205e-15 -0
7 4 1 0 -0 2.38167e-17
1 5 1 0 -2.18348e-16 -0
2 5 1 0 -0 6.87528e-18
3 5 1 0 -7.48414e-16 -0
4 5 1 0 -0 -5.53449e-17
5 5 1 0 1.06883 -0
6 5 1 0 -0 -0
7 5 1 0 1.57711e-15 -0
1 6 1 0 -0 -0
2 6 1 0 -3.54077e-16 -0
3 6 1 0 -0 -0
4 6 1 0 -1.00543e-15 -0
5 6 1 0 -0 -0
6 6 1 0 0.98318 -0
7 6 1 0 -0 -0
1 7 1 0 -4.92615e-17 -0
2 7 1 0 -0 -3.43764e-18
3 7 1 0 -1.14906e-16 -0
4 7 1 0 -0 9.22415e-18
5 7 1 0 1.32952e-15 -0
6 7 1 0 -0 -0
7 7 1 0 0.915291 -0
2 2 2 0 1.58533 0
3 2 2 0 0 -6.50795e-17
4 2 2 0 -1.63729e-16 0
5 2 2 0 0 -2.03954e-17
6 2 2 0 -7.4138e-17 0
7 2 2 0 0 1.19083e-17
2 3 2 0 0 0
3 3 2 0 1.33985 0
4 3 2 0 0 0
5 3 2 0 -1.05546e-15 0
6 3 2 0 0 -1.10861e-17
7 3 2 0 -4.19769e-16 0
2 4 2 0 -1.03129e-16 0
3 4 2 0 0 4.88096e-17
4 4 2 0 1.18164 0
5 4 2 0 0 0
6 4 2 0 -6.53384e-16 0
7 4 2 0 0 -8.93125e-18
2 5 2 0 0 0
3 5 2 0 -9.47212e-16 0
4 5 2 0 0 -9.22415e-18
5 5 2 0 1.06883 0
6 5 2 0 0 -4.43442e-17
7 5 2 0 -2.67565e-16 0
2 6 2 0 1.84773e-17 0
3 6 2 0 0 0
4 6 2 0 -6.3589e-16 0
5 6 2 0 0 2.03954e-17
6 6 2 0 0.98318 0
7 6 2 0 0 0
2 7 2 0 0 0
3 7 2 0 -2.64894e-16 0
4 7 2 0 0 0
5 7 2 0 -2.63546e-16 0
6 7 2 0 0 1.10861e-17
7 7 2 0 0.915291 0
3 3 3 0 1.33985 -0
4 3 3 0 -0 -0
5 3 3 0 -7.31843e-16 -0
6 3 3 0 -0 -0
7 3 3 0 -3.77345e-16 -0
3 4 3 0 -0 -1.62699e-17
4 4 3 0 1.18164 -0
5 4 3 0 -0 -0
6 4 3 0 -1.33189e-15 -0
7 4 3 0 -0 -0
3 5 3 0 -6.1762e-16 -0
4 5 3 0 -0 -0
5 5 3 0 1.06883 -0
6 5 3 0 -0 4.43442e-17
7 5 3 0 -8.19442e-16 -0
3 6 3 0 -0 -0
4 6 3 0 -1.00759e-15 -0
5 6 3 0 -0 -2.03954e-17
6 6 3 0 0.98318 -0
7 6 3 0 -0 2.38167e-17
3 7 3 0 -2.31846e-16 -0
4 7 3 0 -0 -0
5 7 3 0 -7.41722e-16 -0
6 7 3 0 -0 -4.43442e-17
7 7 3 0 0.915291 -0
4 4 4 0 1.18164 0
5 4 4 0 0 -6.11861e-17
6 4 4 0 1.33942e-16 0
7 4 4 0 0 -5.95416e-18
4 5 4 0 0 -4.61208e-18
5 5 4 0 1.06883 0
6 5 4 0 0 -3.32582e-17
7 5 4 0 -9.32757e-16 0
4 6 4 0 1.16779e-16 0
5 6 4 0 0 1.01977e-17
6 6 4 0 0.98318 0
7 6 4 0 0 -5.95416e-18
4 7 4 0 0 -1.15302e-18
5 7 4 0 -7.40208e-16 0
6 7 4 0 0 0
7 7 4 0 0.915291 0
5 5 5 0 1.06883 -0
6 5 5 0 -0 -3.81083e-17
7 5 5 0 -2.00133e-16 -0
5 6 5 0 -0 -6.88344e-17
6 6 5 0 0.98318 -0
7 6 5 0 -0 -2.97708e-18
5 7 5 0 -2.57506e-16 -0
6 7 5 0 -0 1.66291e-17
7 7 5 0 0.915291 -0
6 6 6 0 0.98318 0
7 6 6 0 0 1.19083e-17
6 7 6 0 0 6.92878e-19
7 7 6 0 0.915291 0
7 7 7 0 0.915291 -0
7 7 -7 1 0.885175 -4.63388e-18
6 6 -6 1 0.945904 -3.59904e-18
7 6 -6 1 -0.261677 1.03878e-17
6 7 -6 1 0.246132 -3.23163e-18
7 7 -6 1 0.817085 3.04511e-17
5 5 -5 1 1.02101 -1.22492e-18
6 5 -5 1 -0.306777 -1.39658e-17
7 5 -5 1 0.0672652 -7.66366e-18
5 6 -5 1 0.286196 1.64119e-17
6 6 -5 1 0.859913 -1.80148e-17
7 6 -5 1 -0.366323 5.70995e-17
5 7 -5 1 0.0421607 -7.71797e-19
6 7 -5 1 0.349629 2.71738e-17
7 7 -5 1 0.740423 8.30327e-18
4 4 -4 1 1.11714 -4.4139e-18
5 4 -4 1 -0.370513 2.34228e-17
6 4 -4 1 0.0900666 5.58633e-18
7 4 -4 1 -0.0463141 -1.72113e-17
4 5 -4 1 0.342053 -1.74394e-17
5 5 -4 1 0.907568 2.15506e-17
6 5 -4 1 -0.427446 1.55898e-18
7 5 -4 1 0.113446 -9.48945e-18
4 6 -4 1 0.0517135 -7.20637e-19
5 6 -4 1 0.407346 4.32605e-17
6 6 -4 1 0.760893 -9.44047e-18
7 6 -4 1 -0.441802 5.02383e-18
4 7 -4 1 0.0267991 5.76509e-18
5 7 -4 1 0.071106 -1.74874e-17
6 7 -4 1 0.429962 -1.75818e-17
7 7 -4 1 0.652652 3.72135e-18
3 3 -3 1 1.24596 1.39819e-18
4 3 -3 1 -0.467235 -2.36369e-17
5 3 -3 1 0.129137 -2.83623e-17
6 3 -3 1 -0.0729471 8.66098e-18
7 3 -3 1 0.0371684 -3.16315e-18
3 4 -3 1 0.425577 2.38964e-17
4 4 -3 1 0.957548 3.55995e-17
5 4 -3 1 -0.511661 -6.05487e-18
6 4 -3 1 0.149497 7.79488e-18
7 4 -3 1 -0.0959209 1.11641e-18
3 5 -3 1 0.0651529 3.81325e-19
4 5 -3 1 0.488647 -1.2395e-17
5 5 -3 1 0.772513 1.73679e-17
6 5 -3 1 -0.511142 3.94941e-17
7 5 -3 1 0.151599 5.02383e-18
3 6 -3 1 0.0381496 1.5253e-18
4 6 -3 1 0.0858366 2.34928e-17
5 6 -3 1 0.502158 -1.8802e-17
6 6 -3 1 0.644004 8.66098e-18
7 6 -3 1 -0.49821 1.86068e-17
3 7 -3 1 0.0117537 8.89759e-19
4 7 -3 1 0.0584418 7.49462e-18
5 7 -3 1 0.0950198 -1.27471e-18
6 7 -3 1 0.498434 -1.36843e-17
7 7 -3 1 0.549788 -6.14023e-18
2 2 -2 1 1.42964 -5.15646e-18
3 2 -2 1 -0.630412 3.66072e-17
4 2 -2 1 0.206351 1.26832e-17
5 2 -2 1 -0.130678 -2.80436e-17
6 2 -2 1 0.0753395 2.77151e-18
7 2 -2 1 -0.0542879 -1.04198e-17
2 3 -2 1 0.565115 -1.37506e-17
3 3 -2 1 0.996769 -5.79614e-17
4 3 -2 1 -0.632147 -2.53664e-17
5 3 -2 1 0.206619 3.82413e-18
6 3 -2 1 -0.148903 -2.35579e-17
7 3 -2 1 0.0858366 1.48854e-18
2 4 -2 1 0.0842423 -1.11723e-17
3 4 -2 1 0.612932 1.83036e-17
4 4 -2 1 0.756919 -8.07113e-18
5 4 -2 1 -0.600619 -1.78459e-17
6 4 -2 1 0.190895 -2.97938e-17
7 4 -2 1 -0.152483 -3.42364e-17
2 5 -2 1 0.0591011 2.57823e-18
3 5 -2 1 0.104245 6.60964e-18
4 5 -2 1 0.605666 -7.49462e-18
5 5 -2 1 0.605045 1.40218e-17
6 5 -2 1 -0.566843 9.35386e-18
7 5 -2 1 0.173556 -1.82346e-17
2 6 -2 1 0.0176598 -0
3 6 -2 1 0.0856598 -8.64337e-18
4 6 -2 1 0.109606 5.76509e-18
5 6 -2 1 0.584345 -2.70876e-17
6 6 -2 1 0.500685 8.66098e-18
7 6 -2 1 -0.536032 -4.03767e-17
2 7 -2 1 0.0153892 -1.50397e-18
3 7 -2 1 0.0271439 -5.08434e-19
4 7 -2 1 0.10156 8.35939e-18
5 7 -2 1 0.108782 -2.99557e-17
6 7 -2 1 0.559937 5.02337e-18
7 7 -2 1 0.424847 -0
1 1 -1 1 1.70495 2.13023e-17
2 1 -1 1 -0.953093 0
3 1 -1 1 0.398708 -3.25397e-17
4 1 -1 1 -0.291824 1.84483e-17
5 1 -1 1 0.197566 -2.54942e-17
6 1 -1 1 -0.15883 -5.54303e-18
7 1 -1 1 0.123127 1.48854e-18
1 2 -1 1 0.852473 -2.13023e-17
2 2 -1 1 0.953093 3.43764e-17
3 2 -1 1 -0.797415 3.25397e-17
4 2 -1 1 0.291824 9.22415e-18
5 2 -1 1 -0.246957 2.54942e-17
6 2 -1 1 0.15883 -2.77151e-18
7 2 -1 1 -0.137903 -1.48854e-18
1 3 -1 1 0.106559 -5.32557e-18
2 3 -1 1 0.833957 -1.03129e-17
3 3 -1 1 0.6479 -1.83036e-17
4 3 -1 1 -0.702202 -9.22415e-18
5 3 -1 1 0.228435 3.69666e-17
6 3 -1 1 -0.218391 -8.31454e-18
7 3 -1 1 0.132362 3.72135e-18
1 4 -1 1 0.106559 1.86395e-17
2 4 -1 1 0.119137 6.87528e-18
3 4 -1 1 0.772496 -1.62699e-17
4 4 -1 1 0.483334 5.07328e-17
5 4 -1 1 -0.635915 -4.46149e-18
6 4 -1 1 0.186625 1.03932e-17
7 4 -1 1 -0.198235 -1.22805e-17
1 5 -1 1 0.0266398 0
2 5 -1 1 0.141475 -1.71882e-18
3 5 -1 1 0.115251 -2.03373e-18
4 5 -1 1 0.713601 -5.18859e-18
5 5 -1 1 0.38124 1.14724e-17
6 5 -1 1 -0.58618 -9.00742e-18
7 5 -1 1 0.157064 1.19083e-17
1 6 -1 1 0.0332997 -5.32557e-18
2 6 -1 1 0.0372302 1.71882e-18
3 6 -1 1 0.155745 -8.13494e-18
4 6 -1 1 0.107154 -4.61208e-18
5 6 -1 1 0.662926 -2.23074e-18
6 6 -1 1 0.312199 -1.17789e-17
7 6 -1 1 -0.546993 -3.53529e-18
1 7 -1 1 0.0104062 5.32557e-18
2 7 -1 1 0.0507262 -6.87528e-18
3 7 -1 1 0.0418565 6.1012e-18
4 7 -1 1 0.16066 2.30604e-18
5 7 -1 1 0.0984453 2.54942e-18
6 7 -1 1 0.620024 -1.47237e-17
7 7 -1 1 0.26267 -8.18698e-18
0 1 0 1 1.9687 -0
1 1 0 1 0 -0
2 1 0 1 -0.550269 -0
3 1 0 1 0 -0
4 1 0 1 -0.0922829 -0
5 1 0 1 0 -1.01977e-17
6 1 0 1 -0.0346594 -0
7 1 0 1 0 3.27479e-17
0 2 0 1 0 -0
1 2 0 1 1.47653 -0
2 2 0 1 0 1.1688e-16
3 2 0 1 -0.563858 -0
4 2 0 1 0 4.15087e-17
5 2 0 1 -0.110443 -0
6 2 0 1 0 1.10861e-17
7 2 0 1 -0.0451392 -0
0 3 0 1 0.301395 -0
1 3 0 1 0 -1.06511e-17
2 3 0 1 1.17939 -0
3 3 0 1 0 8.13494e-18
4 3 0 1 -0.543923 -0
5 3 0 1 0 1.27471e-17
6 3 0 1 -0.116735 -0
7 3 0 1 0 -2.97708e-18
0 4 0 1 0 -0
1 4 0 1 0.336969 -0
2 4 0 1 0 -0
3 4 0 1 0.997288 -0
4 4 0 1 0 -2.99785e-17
5 4 0 1 -0.519222 -0
6 4 0 1 0 9.70029e-18
7 4 0 1 -0.118468 -0
0 5 0 1 0.119137 -0
1 5 0 1 0 5.32557e-18
2 5 0 1 0.316347 -0
3 5 0 1 0 -6.1012e-18
4 5 0 1 0.873979 -0
5 5 0 1 0 2.03954e-17
6 5 0 1 -0.495413 -0
7 5 0 1 0 -3.79578e-17
0 6 0 1 0 -6.14943e-18
1 6 0 1 0.152598 -0
2 6 0 1 0 -5.15646e-18
3 6 0 1 0.291372 -0
4 6 0 1 0 -1.84483e-17
5 6 0 1 0.784385 -0
6 6 0 1 0 -6.79021e-17
7 6 0 1 -0.47371 -0
0 7 0 1 0.0635827 -0
1 7 0 1 0 7.98835e-18
2 7 0 1 0.154971 -0
3 7 0 1 0 -0
4 7 0 1 0.268836 -0
5 7 0 1 0 -7.01091e-18
6 7 0 1 0.715943 -0
7 7 0 1 0 -7.44271e-19
1 1 1 1 -1.70495 2.13023e-17
2 1 1 1 -0.953093 0
3 1 1 1 -0.398708 -3.25397e-17
4 1 1 1 -0.291824 -1.84483e-17
5 1 1 1 -0.197566 -2.54942e-17
6 1 1 1 -0.15883 5.54303e-18
7 1 1 1 -0.123127 1.48854e-18
1 2 1 1 0.852473 2.13023e-17
2 2 1 1 -0.953093 3.43764e-17
3 2 1 1 -0.797415 -3.25397e-17
4 2 1 1 -0.291824 9.22415e-18
5 2 1 1 -0.246957 -2.54942e-17
6 2 1 1 -0.15883 -2.77151e-18
7 2 1 1 -0.137903 1.48854e-18
1 3 1 1 -0.106559 -5.32557e-18
2 3 1 1 0.833957 1.03129e-17
3 3 1 1 -0.6479 -1.83036e-17
4 3 1 1 -0.702202 9.22415e-18
5 3 1 1 -0.228435 3.69666e-17
6 3 1 1 -0.218391 8.31454e-18
7 3 1 1 -0.132362 3.72135e-18
1 4 1 1 0.106559 -1.86395e-17
2 4 1 1 -0.119137 6.87528e-18
3 4 1 1 0.772496 1.62699e-17
4 4 1 1 -0.483334 5.07328e-17
5 4 1 1 -0.635915 4.46149e-18
6 4 1 1 -0.186625 1.03932e-17
7 4 1 1 -0.198235 1.22805e-17
1 5 1 1 -0.0266398 0
2 5 1 1 0.141475 1.71882e-18
3 5 1 1 -0.115251 -2.03373e-18
4 5 1 1 0.713601 5.18859e-18
5 5 1 1 -0.38124 1.14724e-17
6 5 1 1 -0.58618 9.00742e-18
7 5 1 1 -0.157064 1.19083e-17
1 6 1 1 0.0332997 5.32557e-18
2 6 1 1 -0.0372302 1.71882e-18
3 6 1 1 0.155745 8.13494e-18
4 6 1 1 -0.107154 -4.61208e-18
5 6 1 1 0.662926 2.23074e-18
6 6 1 1 -0.312199 -1.17789e-17
7 6 1 1 -0.546993 3.53529e-18
1 7 1 1 -0.0104062 5.32557e-18
2 7 1 1 0.0507262 6.87528e-18
3 7 1 1 -0.0418565 6.1012e-18
4 7 1 1 0.16066 -2.30604e-18
5 7 1 1 -0.0984453 2.54942e-18
6 7 1 1 0.620024 1.47237e-17
7 7 1 1 -0.26267 -8.18698e-18
2 2 2 1 -1.42964 -5.15646e-18
3 2 2 1 -0.630412 -3.66072e-17
4 2 2 1 -0.206351 1.26832e-17
5 2 2 1 -0.130678 2.80436e-17
6 2 2 1 -0.0753395 2.77151e-18
7 2 2 1 -0.0542879 1.04198e-17
2 3 2 1 0.565115 1.37506e-17
3 3 2 1 -0.996769 -5.79614e-17
4 3 2 1 -0.632147 2.53664e-17
5 3 2 1 -0.206619 3.82413e-18
6 3 2 1 -0.148903 2.35579e-17
7 3 2 1 -0.0858366 1.48854e-18
2 4 2 1 -0.0842423 -1.11723e-17
3 4 2 1 0.612932 -1.83036e-17
4 4 2 1 -0.756919 -8.07113e-18
5 4 2 1 -0.600619 1.78459e-17
6 4 2 1 -0.190895 -2.97938e-17
7 4 2 1 -0.152483 3.42364e-17
2 5 2 1 0.0591011 -2.57823e-18
3 5 2 1 -0.104245 6.60964e-18
4 5 2 1 0.605666 7.49462e-18
5 5 2 1 -0.605045 1.40218e-17
6 5 2 1 -0.566843 -9.35386e-18
7 5 2 1 -0.173556 -1.82346e-17
2 6 2 1 -0.0176598 -0
3 6 2 1 0.0856598 8.64337e-18
4 6 2 1 -0.109606 5.76509e-18
5 6 2 1 0.584345 2.70876e-17
6 6 2 1 -0.500685 8.66098e-18
7 6 2 1 -0.536032 4.03767e-17
2 7 2 1 0.0153892 1.50397e-18
3 7 2 1 -0.0271439 -5.08434e-19
4 7 2 1 0.10156 -8.35939e-18
5 7 2 1 -0.108782 -2.99557e-17
6 7 2 1 0.559937 -5.02337e-18
7 7 2 1 -0.424847 -0
3 3 3 1 -1.24596 1.39819e-18
4 3 3 1 -0.467235 2.36369e-17
5 3 3 1 -0.129137 -2.83623e-17
6 3 3 1 -0.0729471 -8.66098e-18
7 3 3 1 -0.0371684 -3.16315e-18
3 4 3 1 0.425577 -2.38964e-17
4 4 3 1 -0.957548 3.55995e-17
5 4 3 1 -0.511661 6.05487e-18
6 4 3 1 -0.149497 7.79488e-18
7 4 3 1 -0.0959209 -1.11641e-18
3 5 3 1 -0.0651529 3.81325e-19
4 5 3 1 0.488647 1.2395e-17
5 5 3 1 -0.772513 1.73679e-17
6 5 3 1 -0.511142 -3.94941e-17
7 5 3 1 -0.151599 5.02383e-18
3 6 3 1 0.0381496 -1.5253e-18
4 6 3 1 -0.0858366 2.34928e-17
5 6 3 1 0.502158 1.8802e-17
6 6 3 1 -0.644004 8.66098e-18
7 6 3 1 -0.49821 -1.86068e-17
3 7 3 1 -0.0117537 8.89759e-19
4 7 3 1 0.0584418 -7.49462e-18
5 7 3 1 -0.0950198 -1.27471e-18
6 7 3 1 0.498434 1.36843e-17
7 7 3 1 -0.549788 -6.14023e-18
4 4 4 1 -1.11714 -4.4139e-18
5 4 4 1 -0.370513 -2.34228e-17
6 4 4 1 -0.0900666 5.58633e-18
7 4 4 1 -0.0463141 1.72113e-17
4 5 4 1 0.342053 1.74394e-17
5 5 4 1 -0.907568 2.15506e-17
6 5 4 1 -0.427446 -1.55898e-18
7 5 4 1 -0.113446 -9.48945e-18
4 6 4 1 -0.0517135 -7.20637e-19
5 6 4 1 0.407346 -4.32605e-17
6 6 4 1 -0.760893 -9.44047e-18
7 6 4 1 -0.441802 -5.02383e-18
4 7 4 1 0.0267991 -5.76509e-18
5 7 4 1 -0.071106 -1.74874e-17
6 7 4 1 0.429962 1.75818e-17
7 7 4 1 -0.652652 3.72135e-18
5 5 5 1 -1.02101 -1.22492e-18
6 5 5 1 -0.306777 1.39658e-17
7 5 5 1 -0.0672652 -7.66366e-18
5 6 5 1 0.286196 -1.64119e-17
6 6 5 1 -0.859913 -1.80148e-17
7 6 5 1 -0.366323 -5.70995e-17
5 7 5 1 -0.0421607 -7.71797e-19
6 7 5 1 0.349629 -2.71738e-17
7 7 5 1 -0.740423 8.30327e-18
6 6 6 1 -0.945904 -3.59904e-18
7 6 6 1 -0.261677 -1.03878e-17
6 7 6 1 0.246132 3.23163e-18
7 7 6 1 -0.817085 3.04511e-17
7 7 7 1 -0.885175 -4.63388e-18
7 7 -7 2 0.798932 -3.53529e-18
6 6 -6 2 0.83955 1.83613e-17
7 6 -6 2 -0.464509 1.3676e-17
6 7 -6 2 0.451245 -2.00935e-17
7 7 -6 2 0.549266 4.01906e-17
5 5 -5 2 0.885075 1.27471e-18
6 5 -5 2 -0.531864 -2.32114e-17
7 5 -5 2 0.233238 5.95416e-18
5 6 -5 2 0.518921 6.37355e-18
6 6 -5 2 0.527717 2.49436e-17
7 6 -5 2 -0.546991 -1.48854e-17
5 7 -5 2 0.157903 -5.09884e-18
6 7 -5 2 0.569326 1.38576e-18
7 7 -5 2 0.299599 1.19083e-17
4 4 -4 2 0.934165 9.22415e-18
5 4 -4 2 -0.619655 -2.67689e-17
6 4 -4 2 0.301259 -2.21721e-17
7 4 -4 2 -0.168997 -0
4 5 -4 2 0.611555 9.22415e-18
5 5 -4 2 0.479416 -5.09884e-17
6 5 -4 2 -0.591661 -1.66291e-17
7 5 -4 2 0.331903 -0
4 6 -4 2 0.193391 -1.38362e-17
5 6 -4 2 0.641404 -0
6 6 -4 2 0.215884 1.10861e-17
7 6 -4 2 -0.524785 -0
4 7 -4 2 0.0752772 6.3416e-18
5 7 -4 2 0.249666 5.09884e-18
6 7 -4 2 0.606904 1.24718e-17
7 7 -4 2 0.0499332 2.38167e-17
3 3 -3 2 0.978487 3.25397e-17
4 3 -3 2 -0.733866 1.38362e-17
5 3 -3 2 0.405659 0
6 3 -3 2 -0.254611 2.21721e-17
7 3 -3 2 0.172974 0
3 4 -3 2 0.747332 0
4 4 -3 2 0.373666 3.68966e-17
5 4 -3 2 -0.619655 0
6 4 -3 2 0.388924 0
7 4 -3 2 -0.264222 -1.19083e-17
3 5 -3 2 0.244622 8.13494e-18
4 5 -3 2 0.733866 9.22415e-18
5 5 -3 2 0.0737563 4.07907e-17
6 5 -3 2 -0.509221 0
7 5 -3 2 0.345948 0
3 6 -3 2 0.0998665 8.13494e-18
4 6 -3 2 0.299599 -4.61208e-18
5 6 -3 2 0.662439 5.09884e-18
6 6 -3 2 -0.0959486 0
7 6 -3 2 -0.423698 -1.19083e-17
3 7 -3 2 0.0470775 4.06747e-18
4 7 -3 2 0.141233 0
5 7 -3 2 0.312277 0
6 7 -3 2 0.587998 -1.66291e-17
7 7 -3 2 -0.199733 0
2 2 -2 2 0.970813 -0
3 2 -2 2 -0.856177 1.62699e-17
4 2 -2 2 0.560499 -0
5 2 -2 2 -0.405659 2.03954e-17
6 2 -2 2 0.311833 -4.43442e-17
7 2 -2 2 -0.249666 5.95416e-18
2 3 -2 2 0.970813 -0
3 3 -2 2 0.122311 -0
4 3 -2 2 -0.560499 -0
5 3 -2 2 0.405659 -0
6 3 -2 2 -0.311833 5.54303e-18
7 3 -2 2 0.249666 -0
2 4 -2 2 0.323604 6.87528e-18
3 4 -2 2 0.856177 -1.62699e-17
4 4 -2 2 -0.186833 3.68966e-17
5 4 -2 2 -0.405659 -0
6 4 -2 2 0.311833 -0
7 4 -2 2 -0.249666 -8.93125e-18
2 5 -2 2 0.138688 -0
3 5 -2 2 0.366933 1.62699e-17
4 5 -2 2 0.720642 4.15087e-17
5 5 -2 2 -0.331903 4.07907e-17
6 5 -2 2 -0.311833 -0
7 5 -2 2 0.249666 -1.48854e-17
2 6 -2 2 0.0693438 -1.71882e-18
3 6 -2 2 0.183466 -0
4 6 -2 2 0.360321 -0
5 6 -2 2 0.608489 -2.03954e-17
6 6 -2 2 -0.407782 4.43442e-17
7 6 -2 2 -0.249666 -0
2 7 -2 2 0.0385243 -0
3 7 -2 2 0.101926 -0
4 7 -2 2 0.200178 -0
5 7 -2 2 0.33805 2.03954e-17
6 7 -2 2 0.519722 -3.77619e-17
7 7 -2 2 -0.449399 -0
1 2 -1 2 1.4472 0
2 2 -1 2 -0.647209 0
3 2 -1 2 -2.52183e-16 0
4 2 -1 2 1.82177e-16 0
5 2 -1 2 -2.47294e-16 1.01977e-17
6 2 -1 2 2.0232e-16 0
7 2 -1 2 -8.33583e-17 -5.95416e-18
1 3 -1 2 0.457646 0
2 3 -1 2 1.02333 -1.37506e-17
3 3 -1 2 -0.733866 0
4 3 -1 2 -2.85949e-16 0
5 3 -1 2 5.31554e-16 0
6 3 -1 2 -2.89623e-16 0
7 3 -1 2 1.13129e-16 0
1 4 -1 2 0.204665 0
2 4 -1 2 0.457646 0
3 4 -1 2 0.765788 -1.62699e-17
4 4 -1 2 -0.747332 0
5 4 -1 2 -5.78719e-16 0
6 4 -1 2 6.40912e-16 0
7 4 -1 2 -1.25782e-16 0
1 5 -1 2 0.109398 0
2 5 -1 2 0.244622 0
3 5 -1 2 0.409331 0
4 5 -1 2 0.599199 -2.76725e-17
5 5 -1 2 -0.737563 0
6 5 -1 2 -6.4992e-16 0
7 5 -1 2 -1.17669e-15 1.19083e-17
1 6 -1 2 0.0653779 0
2 6 -1 2 0.14619 -6.87528e-18
3 6 -1 2 0.244622 0
4 6 -1 2 0.35809 0
5 6 -1 2 0.484856 -3.05931e-17
6 6 -1 2 -0.719614 4.43442e-17
7 6 -1 2 7.14128e-16 0
1 7 -1 2 0.0422013 0
2 7 -1 2 0.0943649 0
3 7 -1 2 0.157903 0
4 7 -1 2 0.231146 0
5 7 -1 2 0.312973 0
6 7 -1 2 0.402575 2.77151e-18
7 7 -1 2 -0.699065 0
0 2 0 2 1.4472 -0
1 2 0 2 -0 -8.52091e-17
2 2 0 2 -0.647209 -0
3 2 0 2 -0 -0
4 2 0 2 9.68536e-17 -0
5 2 0 2 -0 -0
6 2 0 2 2.31421e-16 -0
7 2 0 2 -0 -0
0 3 0 2 -0 -0
1 3 0 2 1.121 -0
2 3 0 2 -0 1.10004e-16
3 3 0 2 -0.733866 -0
4 3 0 2 -0 -0
5 3 0 2 -3.62018e-16 -0
6 3 0 2 -0 -0
7 3 0 2 -4.57726e-16 -0
0 4 0 2 0.373666 -0
1 4 0 2 -0 -0
2 4 0 2 0.835543 -0
3 4 0 2 -0 6.50795e-17
4 4 0 2 -0.747332 -0
5 4 0 2 -0 -0
6 4 0 2 -8.45311e-17 -0
7 4 0 2 -0 -0
0 5 0 2 -0 -0
1 5 0 2 0.423698 -0
2 5 0 2 -0 -0
3 5 0 2 0.647209 -0
4 5 0 2 -0 -0
5 5 0 2 -0.737563 -0
6 5 0 2 -0 -0
7 5 0 2 -1.76988e-15 -0
0 6 0 2 0.172974 -0
1 6 0 2 -0 -0
2 6 0 2 0.386781 -0
3 6 0 2 -0 3.25397e-17
4 6 0 2 0.518921 -0
5 6 0 2 -0 1.01977e-17
6 6 0 2 -0.719614 -0
7 6 0 2 -0 -0
0 7 0 2 -0 -0
1 7 0 2 0.223308 -0
2 7 0 2 -0 -0
3 7 0 2 0.341109 -0
4 7 0 2 -0 1.84483e-17
5 7 0 2 0.427603 -0
6 7 0 2 -0 -6.65163e-17
7 7 0 2 -0.699065 -0
1 2 1 2 -1.4472 0
2 2 1 2 -0.647209 0
3 2 1 2 2.52183e-16 0
4 2 1 2 1.82177e-16 0
5 2 1 2 2.47294e-16 1.01977e-17
6 2 1 2 2.0232e-16 0
7 2 1 2 8.33583e-17 -5.95416e-18
1 3 1 2 0.457646 0
2 3 1 2 -1.02333 -1.37506e-17
3 3 1 2 -0.733866 0
4 3 1 2 2.85949e-16 0
5 3 1 2 5.31554e-16 0
6 3 1 2 2.89623e-16 0
7 3 1 2 1.13129e-16 0
1 4 1 2 -0.204665 0
2 4 1 2 0.457646 0
3 4 1 2 -0.765788 -1.62699e-17
4 4 1 2 -0.747332 0
5 4 1 2 5.78719e-16 0
6 4 1 2 6.40912e-16 0
7 4 1 2 1.25782e-16 0
1 5 1 2 0.109398 0
2 5 1 2 -0.244622 0
3 5 1 2 0.409331 0
4 5 1 2 -0.599199 -2.76725e-17
5 5 1 2 -0.737563 0
6 5 1 2 6.4992e-16 0
7 5 1 2 -1.17669e-15 -1.19083e-17
1 6 1 2 -0.0653779 0
2 6 1 2 0.14619 6.87528e-18
3 6 1 2 -0.244622 0
4 6 1 2 0.35809 0
5 6 1 2 -0.484856 -3.05931e-17
6 6 1 2 -0.719614 -4.43442e-17
7 6 1 2 -7.14128e-16 0
1 7 1 2 0.0422013 0
2 7 1 2 -0.0943649 0
3 7 1 2 0.157903 0
4 7 1 2 -0.231146 0
5 7 1 2 0.312973 0
6 7 1 2 -0.402575 2.77151e-18
7 7 1 2 -0.699065 0
2 2 2 2 0.970813 -0
3 2 2 2 0.856177 1.62699e-17
4 2 2 2 0.560499 -0
5 2 2 2 0.405659 2.03954e-17
6 2 2 2 0.311833 4.43442e-17
7 2 2 2 0.249666 5.95416e-18
2 3 2 2 -0.970813 -0
3 3 2 2 0.122311 -0
4 3 2 2 0.560499 -0
5 3 2 2 0.405659 -0
6 3 2 2 0.311833 5.54303e-18
7 3 2 2 0.249666 -0
2 4 2 2 0.323604 -6.87528e-18
3 4 2 2 -0.856177 -1.62699e-17
4 4 2 2 -0.186833 -3.68966e-17
5 4 2 2 0.405659 -0
6 4 2 2 0.311833 -0
7 4 2 2 0.249666 -8.93125e-18
2 5 2 2 -0.138688 -0
3 5 2 2 0.366933 -1.62699e-17
4 5 2 2 -0.720642 4.15087e-17
5 5 2 2 -0.331903 -4.07907e-17
6 5 2 2 0.311833 -0
7 5 2 2 0.249666 1.48854e-17
2 6 2 2 0.0693438 1.71882e-18
3 6 2 2 -0.183466 -0
4 6 2 2 0.360321 -0
5 6 2 2 -0.608489 -2.03954e-17
6 6 2 2 -0.407782 -4.43442e-17
7 6 2 2 0.249666 -0
2 7 2 2 -0.0385243 -0
3 7 2 2 0.101926 -0
4 7 2 2 -0.200178 -0
5 7 2 2 0.33805 -2.03954e-17
6 7 2 2 -0.519722 -3.77619e-17
7 7 2 2 -0.449399 -0
3 3 3 2 0.978487 -3.25397e-17
4 3 3 2 0.733866 1.38362e-17
5 3 3 2 0.405659 0
6 3 3 2 0.254611 2.21721e-17
7 3 3 2 0.172974 0
3 4 3 2 -0.747332 0
4 4 3 2 0.373666 -3.68966e-17
5 4 3 2 0.619655 0
6 4 3 2 0.388924 0
7 4 3 2 0.264222 -1.19083e-17
3 5 3 2 0.244622 -8.13494e-18
4 5 3 2 -0.733866 9.22415e-18
5 5 3 2 0.0737563 -4.07907e-17
6 5 3 2 0.509221 0
7 5 3 2 0.345948 0
3 6 3 2 -0.0998665 8.13494e-18
4 6 3 2 0.299599 4.61208e-18
5 6 3 2 -0.662439 5.09884e-18
6 6 3 2 -0.0959486 0
7 6 3 2 0.423698 -1.19083e-17
3 7 3 2 0.0470775 -4.06747e-18
4 7 3 2 -0.141233 0
5 7 3 2 0.312277 0
6 7 3 2 -0.587998 -1.66291e-17
7 7 3 2 -0.199733 0
4 4 4 2 0.934165 -9.22415e-18
5 4 4 2 0.619655 -2.67689e-17
6 4 4 2 0.301259 2.21721e-17
7 4 4 2 0.168997 -0
4 5 4 2 -0.611555 9.22415e-18
5 5 4 2 0.479416 5.09884e-17
6 5 4 2 0.591661 -1.66291e-17
7 5 4 2 0.331903 -0
4 6 4 2 0.193391 1.38362e-17
5 6 4 2 -0.641404 -0
6 6 4 2 0.215884 -1.10861e-17
7 6 4 2 0.524785 -0
4 7 4 2 -0.0752772 6.3416e-18
5 7 4 2 0.249666 -5.09884e-18
6 7 4 2 -0.606904 1.24718e-17
7 7 4 2 0.0499332 -2.38167e-17
5 5 5 2 0.885075 -1.27471e-18
6 5 5 2 0.531864 -2.32114e-17
7 5 5 2 0.233238 -5.95416e-18
5 6 5 2 -0.518921 6.37355e-18
6 6 5 2 0.527717 -2.49436e-17
7 6 5 2 0.546991 -1.48854e-17
5 7 5 2 0.157903 5.09884e-18
6 7 5 2 -0.569326 1.38576e-18
7 7 5 2 0.299599 -1.19083e-17
6 6 6 2 0.83955 -1.83613e-17
7 6 6 2 0.464509 1.3676e-17
6 7 6 2 -0.451245 -2.00935e-17
7 7 6 2 0.549266 -4.01906e-17
7 7 7 2 0.798932 3.53529e-18
7 7 -7 3 0.668304 -6.80601e-18
6 6 -6 3 0.679821 1.72902e-17
7 6 -6 3 -0.5642 -5.75065e-18
6 7 -6 3 0.581336 8.504e-18
7 7 -6 3 0.185839 -7.3395e-18
5 5 -5 3 0.682699 -2.67888e-18
6 5 -5 3 -0.615376 2.07863e-18
7 5 -5 3 0.404791 1.01465e-18
5 6 -5 3 0.653634 -7.50884e-18
6 6 -5 3 0.0906428 -3.57482e-17
7 6 -5 3 -0.442923 9.48945e-18
5 7 -5 3 0.316439 8.73874e-18
6 7 -5 3 0.570469 6.77721e-18
7 7 -5 3 -0.189412 -3.11954e-17
4 4 -4 3 0.663518 -3.79235e-18
5 4 -4 3 -0.660192 1.25081e-17
6 4 -4 3 0.481451 2.44673e-18
7 4 -4 3 -0.3426 2.18629e-17
4 5 -4 3 0.746458 -2.30604e-18
5 5 -4 3 -0.0600175 -2.21083e-17
6 5 -4 3 -0.371118 -8.14132e-18
7 5 -4 3 0.382611 -8.37304e-18
4 6 -4 3 0.385469 6.81002e-18
5 6 -4 3 0.585959 1.44998e-17
6 6 -4 3 -0.336673 -7.12365e-18
7 6 -4 3 -0.170703 -1.18153e-17
4 7 -4 3 0.161356 4.10763e-18
5 7 -4 3 0.439855 -3.50545e-18
6 7 -4 3 0.408979 -2.8408e-17
7 7 -4 3 -0.450118 2.43516e-17
3 3 -3 3 0.57907 -4.6331e-17
4 3 -3 3 -0.651454 4.61208e-18
5 3 -3 3 0.540157 -2.13912e-17
6 3 -3 3 -0.433202 2.77151e-18
7 3 -3 3 0.355083 1.11641e-18
3 4 -3 3 0.868606 3.55904e-18
4 4 -3 3 -0.313663 3.84099e-17
5 4 -3 3 -0.180052 4.78016e-18
6 4 -3 3 0.282523 -7.36183e-18
7 4 -3 3 -0.270844 1.6374e-17
3 5 -3 3 0.488591 -8.26205e-18
4 5 -3 3 0.570022 3.54553e-17
5 5 -3 3 -0.532655 -6.29388e-18
6 5 -3 3 0.0294295 3.81083e-18
7 5 -3 3 0.144552 -2.55843e-17
3 6 -3 3 0.205087 -7.11807e-18
4 6 -3 3 0.515735 -2.66636e-18
5 6 -3 3 0.328846 3.50545e-18
6 6 -3 3 -0.585058 -1.48103e-17
7 6 -3 3 0.136755 -2.60495e-18
3 7 -3 3 0.106314 1.36006e-17
4 7 -3 3 0.25881 -1.18184e-17
5 7 -3 3 0.473107 -3.19474e-17
6 7 -3 3 0.157595 1.5763e-17
7 7 -3 3 -0.582449 3.07012e-18
2 3 -2 3 1.02138 3.43764e-18
3 3 -2 3 -0.772094 1.85578e-17
4 3 -2 3 0.331704 -5.64979e-17
5 3 -2 3 -0.160047 -7.01091e-18
6 3 -2 3 0.0999609 -9.70029e-18
7 3 -2 3 -0.0664888 -1.3769e-17
2 4 -2 3 0.668653 -1.54694e-17
3 4 -2 3 0.442272 -1.01687e-18
4 4 -2 3 -0.747966 -8.64764e-18
5 4 -2 3 0.366713 1.78459e-17
6 4 -2 3 -0.176184 -2.58097e-17
7 4 -2 3 0.115669 2.23281e-18
2 5 -2 3 0.264466 1.20317e-17
3 5 -2 3 0.627326 6.86385e-18
4 5 -2 3 0.130312 7.49462e-18
5 5 -2 3 -0.680198 9.56033e-19
6 5 -2 3 0.370048 -8.31454e-18
7 5 -2 3 -0.174533 3.312e-17
2 6 -2 3 0.150782 -3.22279e-18
3 6 -2 3 0.302893 5.08434e-19
4 6 -2 3 0.52958 2.30604e-17
5 6 -2 3 -0.0520668 -2.8681e-17
6 6 -2 3 -0.612722 7.102e-18
7 6 -2 3 0.364322 1.41411e-17
2 7 -2 3 0.07799 2.57823e-18
3 7 -2 3 0.20373 -1.70325e-17
4 7 -2 3 0.289045 5.76509e-18
5 7 -2 3 0.435305 2.31041e-17
6 7 -2 3 -0.164293 -1.48969e-17
7 7 -2 3 -0.552984 2.60495e-18
1 3 -1 3 1.2381 -2.66278e-18
2 3 -1 3 -0.461414 1.37506e-17
3 3 -1 3 -0.193023 -1.22024e-17
4 3 -1 3 0.105959 -1.15302e-18
5 3 -1 3 -0.0239115 -1.59339e-18
6 3 -1 3 0.0153786 -4.15727e-18
7 3 -1 3 -0.00715305 -0
1 4 -1 3 0.281929 2.3965e-17
2 4 -1 3 0.945618 1.54694e-17
3 4 -1 3 -0.593371 -3.15229e-17
4 4 -1 3 -0.217151 -8.07113e-18
5 4 -1 3 0.147012 -1.65712e-17
6 4 -1 3 -0.0315168 4.50371e-18
7 4 -1 3 0.0228035 -2.97708e-18
1 5 -1 3 0.258968 1.33139e-18
2 5 -1 3 0.265407 -3.43764e-18
3 5 -1 3 0.716634 7.6265e-18
4 5 -1 3 -0.642725 -2.42134e-17
5 5 -1 3 -0.215063 9.56033e-19
6 5 -1 3 0.172092 1.7322e-18
7 5 -1 3 -0.03516 -7.07057e-18
1 6 -1 3 0.0947726 1.46453e-17
2 6 -1 3 0.317877 -8.5941e-19
3 6 -1 3 0.206854 1.22024e-17
4 6 -1 3 0.551534 -3.80496e-17
5 6 -1 3 -0.655264 1.0835e-17
6 6 -1 3 -0.204829 -9.35386e-18
7 6 -1 3 0.188354 -1.26526e-17
1 7 -1 3 0.0973296 -1.33139e-18
2 7 -1 3 0.123327 -6.01587e-18
3 7 -1 3 0.318652 1.01687e-18
4 7 -1 3 0.147465 -2.88255e-18
5 7 -1 3 0.432337 2.35821e-17
6 7 -1 3 -0.650409 -2.14792e-17
7 7 -1 3 -0.192311 1.04198e-17
0 3 0 3 1.1673 0
1 3 0 3 -0 -3.19534e-17
2 3 0 3 -0.652538 0
3 3 0 3 -0 -3.66072e-17
4 3 0 3 0.0820755 0
5 3 0 3 -0 -2.35821e-17
6 3 0 3 0.00822021 0
7 3 0 3 -0 -1.60018e-17
0 4 0 3 -0 -6.14943e-18
1 4 0 3 0.891537 0
2 4 0 3 -0 -2.06258e-17
3 4 0 3 -0.766038 0
4 4 0 3 -0 -2.65194e-17
5 4 0 3 0.120035 0
6 4 0 3 -0 -6.2359e-18
7 4 0 3 0.0136277 0
0 5 0 3 0.386047 0
1 5 0 3 -0 -2.66278e-18
2 5 0 3 0.593469 0
3 5 0 3 -0 7.11807e-18
4 5 0 3 -0.787174 0
5 5 0 3 -0 -1.91207e-18
6 5 0 3 0.145444 0
7 5 0 3 -0 -3.72135e-18
0 6 0 3 -0 -7.68679e-18
1 6 0 3 0.434303 0
2 6 0 3 -0 3.43764e-18
3 6 0 3 0.386988 0
4 6 0 3 -0 -1.09537e-16
5 6 0 3 -0.775319 0
6 6 0 3 -0 -3.18724e-17
7 6 0 3 0.16312 0
0 7 0 3 0.198231 0
1 7 0 3 -0 7.98835e-18
2 7 0 3 0.37677 0
3 7 0 3 -0 9.1518e-18
4 7 0 3 0.246757 0
5 7 0 3 -0 3.37798e-17
6 7 0 3 -0.751028 0
7 7 0 3 -0 1.19641e-16
1 3 1 3 -1.2381 -2.66278e-18
2 3 1 3 -0.461414 -1.37506e-17
3 3 1 3 0.193023 -1.22024e-17
4 3 1 3 0.105959 1.15302e-18
5 3 1 3 0.0239115 -1.59339e-18
6 3 1 3 0.0153786 4.15727e-18
7 3 1 3 0.00715305 -0
1 4 1 3 0.281929 -2.3965e-17
2 4 1 3 -0.945618 1.54694e-17
3 4 1 3 -0.593371 3.15229e-17
4 4 1 3 0.217151 -8.07113e-18
5 4 1 3 0.147012 1.65712e-17
6 4 1 3 0.0315168 4.50371e-18
7 4 1 3 0.0228035 2.97708e-18
1 5 1 3 -0.258968 1.33139e-18
2 5 1 3 0.265407 3.43764e-18
3 5 1 3 -0.716634 7.6265e-18
4 5 1 3 -0.642725 2.42134e-17
5 5 1 3 0.215063 9.56033e-19
6 5 1 3 0.172092 -1.7322e-18
7 5 1 3 0.03516 -7.07057e-18
1 6 1 3 0.0947726 -1.46453e-17
2 6 1 3 -0.317877 -8.5941e-19
3 6 1 3 0.206854 -1.22024e-17
4 6 1 3 -0.551534 -3.80496e-17
5 6 1 3 -0.655264 -1.0835e-17
6 6 1 3 0.204829 -9.35386e-18
7 6 1 3 0.188354 1.26526e-17
1 7 1 3 -0.0973296 -1.33139e-18
2 7 1 3 0.123327 6.01587e-18
3 7 1 3 -0.318652 1.01687e-18
4 7 1 3 0.147465 2.88255e-18
5 7 1 3 -0.432337 2.35821e-17
6 7 1 3 -0.650409 2.14792e-17
7 7 1 3 0.192311 1.04198e-17
2 3 2 3 1.02138 -3.43764e-18
3 3 2 3 0.772094 1.85578e-17
4 3 2 3 0.331704 5.64979e-17
5 3 2 3 0.160047 -7.01091e-18
6 3 2 3 0.0999609 9.70029e-18
7 3 2 3 0.0664888 -1.3769e-17
2 4 2 3 -0.668653 -1.54694e-17
3 4 2 3 0.442272 1.01687e-18
4 4 2 3 0.747966 -8.64764e-18
5 4 2 3 0.366713 -1.78459e-17
6 4 2 3 0.176184 -2.58097e-17
7 4 2 3 0.115669 -2.23281e-18
2 5 2 3 0.264466 -1.20317e-17
3 5 2 3 -0.627326 6.86385e-18
4 5 2 3 0.130312 -7.49462e-18
5 5 2 3 0.680198 9.56033e-19
6 5 2 3 0.370048 8.31454e-18
7 5 2 3 0.174533 3.312e-17
2 6 2 3 -0.150782 -3.22279e-18
3 6 2 3 0.302893 -5.08434e-19
4 6 2 3 -0.52958 2.30604e-17
5 6 2 3 -0.0520668 2.8681e-17
6 6 2 3 0.612722 7.102e-18
7 6 2 3 0.364322 -1.41411e-17
2 7 2 3 0.07799 -2.57823e-18
3 7 2 3 -0.20373 -1.70325e-17
4 7 2 3 0.289045 -5.76509e-18
5 7 2 3 -0.435305 2.31041e-17
6 7 2 3 -0.164293 1.48969e-17
7 7 2 3 0.552984 2.60495e-18
3 3 3 3 -0.57907 -4.6331e-17
4 3 3 3 -0.651454 -4.61208e-18
5 3 3 3 -0.540157 -2.13912e-17
6 3 3 3 -0.433202 -2.77151e-18
7 3 3 3 -0.355083 1.11641e-18
3 4 3 3 0.868606 -3.55904e-18
4 4 3 3 0.313663 3.84099e-17
5 4 3 3 -0.180052 -4.78016e-18
6 4 3 3 -0.282523 -7.36183e-18
7 4 3 3 -0.270844 -1.6374e-17
3 5 3 3 -0.488591 -8.26205e-18
4 5 3 3 0.570022 -3.54553e-17
5 5 3 3 0.532655 -6.29388e-18
6 5 3 3 0.0294295 -3.81083e-18
7 5 3 3 -0.144552 -2.55843e-17
3 6 3 3 0.205087 7.11807e-18
4 6 3 3 -0.515735 -2.66636e-18
5 6 3 3 0.328846 -3.50545e-18
6 6 3 3 0.585058 -1.48103e-17
7 6 3 3 0.136755 2.60495e-18
3 7 3 3 -0.106314 1.36006e-17
4 7 3 3 0.25881 1.18184e-17
5 7 3 3 -0.473107 -3.19474e-17
6 7 3 3 0.157595 -1.5763e-17
7 7 3 3 0.582449 3.07012e-18
4 4 4 3 -0.663518 -3.79235e-18
5 4 4 3 -0.660192 -1.25081e-17
6 4 4 3 -0.481451 2.44673e-18
7 4 4 3 -0.3426 -2.18629e-17
4 5 4 3 0.746458 2.30604e-18
5 5 4 3 0.0600175 -2.21083e-17
6 5 4 3 -0.371118 8.14132e-18
7 5 4 3 -0.382611 -8.37304e-18
4 6 4 3 -0.385469 6.81002e-18
5 6 4 3 0.585959 -1.44998e-17
6 6 4 3 0.336673 -7.12365e-18
7 6 4 3 -0.170703 1.18153e-17
4 7 4 3 0.161356 -4.10763e-18
5 7 4 3 -0.439855 -3.50545e-18
6 7 4 3 0.408979 2.8408e-17
7 7 4 3 0.450118 2.43516e-17
5 5 5 3 -0.682699 -2.67888e-18
6 5 5 3 -0.615376 -2.07863e-18
7 5 5 3 -0.404791 1.01465e-18
5 6 5 3 0.653634 7.50884e-18
6 6 5 3 -0.0906428 -3.57482e-17
7 6 5 3 -0.442923 -9.48945e-18
5 7 5 3 -0.316439 8.73874e-18
6 7 5 3 0.570469 -6.77721e-18
7 7 5 3 0.189412 -3.11954e-17
6 6 6 3 -0.679821 1.72902e-17
7 6 6 3 -0.5642 5.75065e-18
6 7 6 3 0.581336 -8.504e-18
7 7 6 3 -0.185839 -7.3395e-18
7 7 7 3 -0.668304 -6.80601e-18
