3 3 -3 -3 -0.57907 -4.6331e-17
2 3 -2 -3 1.02138 -3.43764e-18
3 3 -2 -3 0.772094 1.85578e-17
1 3 -1 -3 -1.2381 -2.66278e-18
2 3 -1 -3 -0.461414 -1.37506e-17
3 3 -1 -3 0.193023 -1.22024e-17
0 3 0 -3 1.1673 0
1 3 0 -3 -0 -3.19534e-17
2 3 0 -3 -0.652538 0
3 3 0 -3 -0 -3.66072e-17
1 3 1 -3 1.2381 -2.66278e-18
2 3 1 -3 -0.461414 1.37506e-17
3 3 1 -3 -0.193023 -1.22024e-17
2 3 2 -3 1.02138 3.43764e-18
3 3 2 -3 -0.772094 1.85578e-17
3 3 3 -3 0.57907 -4.6331e-17
3 3 -3 -2 -3.25397e-17 -0.978487
2 2 -2 -2 -0 -0.970813
3 2 -2 -2 1.62699e-17 -0.856177
2 3 -2 -2 -0 0.970813
3 3 -2 -2 -0 -0.122311
1 2 -1 -2 0 1.4472
2 2 -1 -2 0 0.647209
3 2 -1 -2 0 -2.52183e-16
1 3 -1 -2 0 -0.457646
2 3 -1 -2 -1.37506e-17 1.02333
3 3 -1 -2 0 0.733866
0 2 0 -2 -0 -1.4472
1 2 0 -2 -8.52091e-17 0
2 2 0 -2 -0 0.647209
3 2 0 -2 -0 0
0 3 0 -2 -0 0
1 3 0 -2 -0 -1.121
2 3 0 -2 1.10004e-16 0
3 3 0 -2 -0 0.733866
1 2 1 -2 0 -1.4472
2 2 1 -2 0 0.647209
3 2 1 -2 0 2.52183e-16
1 3 1 -2 0 -0.457646
2 3 1 -2 -1.37506e-17 -1.02333
3 3 1 -2 0 0.733866
2 2 2 -2 -0 -0.970813
3 2 2 -2 1.62699e-17 0.856177
2 3 2 -2 -0 -0.970813
3 3 2 -2 -0 -0.122311
3 3 3 -2 3.25397e-17 -0.978487
3 3 -3 -1 1.24596 -1.39819e-18
2 2 -2 -1 1.42964 5.15646e-18
3 2 -2 -1 0.630412 3.66072e-17
2 3 -2 -1 -0.565115 -1.37506e-17
3 3 -2 -1 0.996769 5.79614e-17
1 1 -1 -1 1.70495 -2.13023e-17
2 1 -1 -1 0.953093 -0
3 1 -1 -1 0.398708 3.25397e-17
1 2 -1 -1 -0.852473 -2.13023e-17
2 2 -1 -1 0.953093 -3.43764e-17
3 2 -1 -1 0.797415 3.25397e-17
1 3 -1 -1 0.106559 5.32557e-18
2 3 -1 -1 -0.833957 -1.03129e-17
3 3 -1 -1 0.6479 1.83036e-17
0 1 0 -1 -1.9687 0
1 1 0 -1 -0 0
2 1 0 -1 0.550269 0
3 1 0 -1 -0 0
0 2 0 -1 -0 0
1 2 0 -1 -1.47653 0
2 2 0 -1 -0 -1.1688e-16
3 2 0 -1 0.563858 0
0 3 0 -1 -0.301395 0
1 3 0 -1 -0 1.06511e-17
2 3 0 -1 -1.17939 0
3 3 0 -1 -0 -8.13494e-18
1 1 1 -1 -1.70495 -2.13023e-17
2 1 1 -1 0.953093 -0
3 1 1 -1 -0.398708 3.25397e-17
1 2 1 -1 -0.852473 2.13023e-17
2 2 1 -1 -0.953093 -3.43764e-17
3 2 1 -1 0.797415 -3.25397e-17
1 3 1 -1 -0.106559 5.32557e-18
2 3 1 -1 -0.833957 1.03129e-17
3 3 1 -1 -0.6479 1.83036e-17
2 2 2 -1 -1.42964 5.15646e-18
3 2 2 -1 0.630412 -3.66072e-17
2 3 2 -1 -0.565115 1.37506e-17
3 3 2 -1 -0.996769 5.79614e-17
3 3 3 -1 -1.24596 -1.39819e-18
3 3 -3 0 1.33985 -0
2 2 -2 0 1.58533 0
3 2 -2 0 0 -6.50795e-17
2 3 -2 0 0 0
3 3 -2 0 1.33985 0
1 1 -1 0 2.04665 -0
2 1 -1 0 -0 -0
3 1 -1 0 -3.09128e-16 -0
1 2 -1 0 -0 -0
2 2 -1 0 1.58533 -0
3 2 -1 0 -0 -0
1 3 -1 0 -2.55627e-16 -0
2 3 -1 0 -0 1.37506e-17
3 3 -1 0 1.33985 -0
0 0 0 0 3.54491 0
1 0 0 0 0 0
2 0 0 0 0 0
3 0 0 0 0 0
0 1 0 0 0 0
1 1 0 0 2.04665 0
2 1 0 0 0 0
3 1 0 0 -1.62699e-15 0
0 2 0 0 0 0
1 2 0 0 0 0
2 2 0 0 1.58533 0
3 2 0 0 0 0
0 3 0 0 0 0
1 3 0 0 -1.10772e-15 0
2 3 0 0 0 0
3 3 0 0 1.33985 0
1 1 1 0 2.04665 -0
2 1 1 0 -0 -0
3 1 1 0 -3.09128e-16 -0
1 2 1 0 -0 -0
2 2 1 0 1.58533 -0
3 2 1 0 -0 -0
1 3 1 0 -2.55627e-16 -0
2 3 1 0 -0 1.37506e-17
3 3 1 0 1.33985 -0
2 2 2 0 1.58533 0
3 2 2 0 0 -6.50795e-17
2 3 2 0 0 0
3 3 2 0 1.33985 0
3 3 3 0 1.33985 -0
3 3 -3 1 1.24596 1.39819e-18
2 2 -2 1 1.42964 -5.15646e-18
3 2 -2 1 -0.630412 3.66072e-17
2 3 -2 1 0.565115 -1.37506e-17
3 3 -2 1 0.996769 -5.79614e-17
1 1 -1 1 1.70495 2.13023e-17
2 1 -1 1 -0.953093 0
3 1 -1 1 0.398708 -3.25397e-17
1 2 -1 1 0.852473 -2.13023e-17
2 2 -1 1 0.953093 3.43764e-17
3 2 -1 1 -0.797415 3.25397e-17
1 3 -1 1 0.106559 -5.32557e-18
2 3 -1 1 0.833957 -1.03129e-17
3 3 -1 1 0.6479 -1.83036e-17
0 1 0 1 1.9687 -0
1 1 0 1 0 -0
2 1 0 1 -0.550269 -0
3 1 0 1 0 -0
0 2 0 1 0 -0
1 2 0 1 1.47653 -0
2 2 0 1 0 1.1688e-16
3 2 0 1 -0.563858 -0
0 3 0 1 0.301395 -0
1 3 0 1 0 -1.06511e-17
2 3 0 1 1.17939 -0
3 3 0 1 0 8.13494e-18
1 1 1 1 -1.70495 2.13023e-17
2 1 1 1 -0.953093 0
3 1 1 1 -0.398708 -3.25397e-17
1 2 1 1 0.852473 2.13023e-17
2 2 1 1 -0.953093 3.43764e-17
3 2 1 1 -0.797415 -3.25397e-17
1 3 1 1 -0.106559 -5.32557e-18
2 3 1 1 0.833957 1.03129e-17
3 3 1 1 -0.6479 -1.83036e-17
2 2 2 1 -1.42964 -5.15646e-18
3 2 2 1 -0.630412 -3.66072e-17
2 3 2 1 0.565115 1.37506e-17
3 3 2 1 -0.996769 -5.79614e-17
3 3 3 1 -1.24596 1.39819e-18
3 3 -3 2 0.978487 3.25397e-17
2 2 -2 2 0.970813 -0
3 2 -2 2 -0.856177 1.62699e-17
2 3 -2 2 0.970813 -0
3 3 -2 2 0.122311 -0
1 2 -1 2 1.4472 0
2 2 -1 2 -0.647209 0
3 2 -1 2 -2.52183e-16 0
1 3 -1 2 0.457646 0
2 3 -1 2 1.02333 -1.37506e-17
3 3 -1 2 -0.733866 0
0 2 0 2 1.4472 -0
1 2 0 2 -0 -8.52091e-17
2 2 0 2 -0.647209 -0
3 2 0 2 -0 -0
0 3 0 2 -0 -0
1 3 0 2 1.121 -0
2 3 0 2 -0 1.10004e-16
3 3 0 2 -0.733866 -0
1 2 1 2 -1.4472 0
2 2 1 2 -0.647209 0
3 2 1 2 2.52183e-16 0
1 3 1 2 0.457646 0
2 3 1 2 -1.02333 -1.37506e-17
3 3 1 2 -0.733866 0
2 2 2 2 0.970813 -0
3 2 2 2 0.856177 1.62699e-17
2 3 2 2 -0.970813 -0
3 3 2 2 0.122311 -0
3 3 3 2 0.978487 -3.25397e-17
3 3 -3 3 0.57907 -4.6331e-17
2 3 -2 3 1.02138 3.43764e-18
3 3 -2 3 -0.772094 1.85578e-17
1 3 -1 3 1.2381 -2.66278e-18
2 3 -1 3 -0.461414 1.37506e-17
3 3 -1 3 -0.193023 -1.22024e-17
0 3 0 3 1.1673 0
1 3 0 3 -0 -3.19534e-17
2 3 0 3 -0.652538 0
3 3 0 3 -0 -3.66072e-17
1 3 1 3 -1.2381 -2.66278e-18
2 3 1 3 -0.461414 -1.37506e-17
3 3 1 3 0.193023 -1.22024e-17
2 3 2 3 1.02138 -3.43764e-18
3 3 2 3 0.772094 1.85578e-17
3 3 3 3 -0.57907 -4.6331e-17
